35 0.0004941565182854701
40 3.003354747252681e-06
114 0.0
117 0.0
128 5.574408432400809e-06
130 4.3685159960039e-06
164 0.0
288 3.276386997002925e-06
424 2.047741873126828e-06
434 5.663143913569639e-05
463 0.0
504 0.0
506 2.0477418731268282e-07
887 0.000984276709812132
906 0.0
910 0.0001473464041152149
936 0.0
940 0.0
941 0.0
943 8.7370319920078e-06
1026 0.0
1033 4.778064370629266e-06
1034 2.7303224975024376e-06
1035 3.6176773091907296e-06
1213 2.7303224975024377e-07
1237 0.0
1246 0.0
1272 0.001295333250877594
1365 0.0
1385 0.0
1481 0.0
1688 1.5631096298201455e-05
1694 0.0
1717 4.143264389959949e-05
1786 3.487986990559364e-05
1817 1.2286451238760968e-06
1919 3.6859353716282907e-06
1949 8.05445136763219e-06
1951 0.0
1952 1.092128999000975e-06
1953 0.0
1955 0.0
1956 3.576722471728193e-05
1959 0.0
1997 9.2967481039958e-05
1999 0.0
2354 7.098838493506337e-06
2440 0.00013044115731817898
2653 0.0
2654 0.0
2658 1.1012300739926495e-05
2663 1.3651612487512189e-07
2665 3.770120315301282e-05
2695 1.2969031863136577e-06
2696 1.5358064048451212e-05
2698 8.190967492507313e-07
2702 0.0
3084 4.914580495504387e-06
3085 1.2900773800699017e-05
3095 3.7541934340658514e-06
3097 5.369634245088127e-06
3101 4.778064370629266e-06
3112 1.0375225490509262e-05
3187 1.9794838106892673e-06
3191 6.477690125324532e-05
3192 3.262735384515413e-05
3217 0.0
3218 0.0
3220 7.118178277863649e-05
3222 0.0
3223 0.0
3229 0.0008210534803739414
3231 0.0001514873932364269
3232 0.0
3233 0.0001351282109388915
3235 0.0
3236 0.0
3237 3.1398708721278033e-06
3240 9.132928754145693e-05
3243 0.0
3828 1.4334193111887797e-05
3932 2.4572902477521937e-06
4274 0.0
4329 4.750761145654241e-05
4330 0.0004645074912313418
4335 0.0
4553 0.0
4584 0.0
4637 1.3651612487512189e-07
4649 0.0
4660 1.8839225232766818e-05
4804 4.5107202927488195e-05
4878 0.0
4983 0.0
5038 0.0
5055 0.0
5062 7.30361268081902e-06
5064 6.55277399400585e-06
5069 1.7064515609390234e-06
5075 3.276386997002925e-06
5086 0.0001354239958761209
5194 0.0
5348 7.508386868131703e-07
5454 0.0
5462 1.5016773736263406e-06
5600 7.644902993006825e-06
5869 2.921445072327608e-05
5959 8.873548116882922e-06
5966 0.0
6125 1.4402451174325358e-05
6130 2.5778794913918844e-05
6151 2.8729818479969495e-05
6152 3.412903121878047e-07
6155 9.556128741258531e-07
6163 4.154640733699543e-05
6169 4.231999871128778e-06
6170 0.0
6184 0.0011663482655580805
6196 6.55277399400585e-06
6209 0.0
6210 8.873548116882919e-07
6213 0.0008495671483228584
6214 0.00017328446784148772
6215 4.061354715034876e-06
6216 0.0
6217 0.0
6220 1.0944042677488936e-05
6224 1.2604988863469584e-05
6238 0.0
6311 1.9931354231767792e-05
6318 0.0
6334 0.0001350713292201935
6343 0.0
6344 0.0
6346 0.0
6378 3.6859353716282907e-06
6385 0.0
6539 6.962322368631216e-06
6639 5.870193369630241e-05
6741 0.0
6767 0.00016005378007234085
6771 3.003354747252681e-06
6775 1.3651612487512189e-07
6782 0.0
6784 0.0
6786 0.0
6814 0.0
6818 8.77116102322658e-05
6898 1.6472945734931375e-05
6910 5.2399439264567616e-05
6913 0.0004849849099626101
6917 1.74740639840156e-05
6923 4.138713852464108e-05
6925 2.402683797802145e-05
6935 3.813350421511734e-05
6939 6.006709494505362e-06
6941 3.3218923719612993e-06
7022 0.0
7032 2.7849289474524863e-05
7041 0.0
7047 0.0
7272 0.0
7276 3.412903121878047e-07
7296 0.0
7297 3.146696678371559e-05
7419 1.786085967116178e-05
7430 8.190967492507313e-07
7432 0.0
7532 1.2058924363969097e-06
7537 8.190967492507313e-07
7867 4.0954837462536563e-07
8079 0.00010263737321861245
8213 0.0
8224 0.0009393447025782348
8581 1.633642961005625e-05
8591 2.0477418731268282e-07
8594 0.0
8617 0.0
8619 0.0
8687 2.7303224975024377e-07
8696 0.0
8699 6.143225619380484e-06
8703 0.000298742786601725
8766 0.0
8821 7.849677180319507e-06
8832 3.958967621378535e-06
8865 5.870193369630243e-06
8872 0.0
8874 0.0
8875 9.283096491508288e-06
8961 0.0
9513 1.2969031863136577e-06
9515 1.1262580302197556e-06
9559 0.0
9581 0.0
9586 7.963440617715443e-06
9708 6.825806243756094e-07
9716 0.0
10169 3.0170063597401936e-05
10174 0.0
10177 3.485711721811443e-06
10183 5.11935468281707e-06
10186 8.190967492507313e-07
10430 1.8429676858141454e-06
10435 0.00014020206024675016
10531 1.092128999000975e-06
10793 0.0
10796 4.844047164318907e-05
10798 0.0
10981 3.153522484615315e-05
11093 1.6927999484515113e-05
11148 0.0
11325 0.0
11326 0.0
11335 0.0
11337 0.0
11339 9.556128741258531e-07
11342 5.235393388960924e-05
12155 2.7303224975024377e-07
12158 2.0181633794038846e-06
12165 2.5938063726273154e-06
12169 0.0
12182 3.2752493626289645e-05
12194 0.0
12195 6.609655712703818e-06
12197 5.005591245421136e-07
12198 1.1055530846136957e-05
12199 2.2980214353978846e-06
12210 2.8823104498634076e-05
12211 1.6381934985014625e-06
12238 0.0
12247 3.981720308857721e-06
12275 0.0
12330 2.047741873126828e-06
12337 0.0
12347 5.460644995004875e-07
12350 8.00507803580235e-05
12359 1.3651612487512188e-06
12439 2.345802079104177e-05
12558 0.0
12576 6.222404971808058e-05
12631 2.8873160411088275e-05
12638 4.266128902347559e-05
12946 0.0
12960 0.0
13024 2.7303224975024377e-07
13136 1.3651612487512188e-06
13193 2.9350966848151205e-06
13195 0.0
13205 0.0
13208 2.7303224975024377e-07
13212 0.0
13213 0.0
13269 5.023793395404485e-05
13652 1.3651612487512189e-07
13654 1.5016773736263406e-06
13656 2.7303224975024377e-07
13658 0.0
13686 0.0012209319628206524
13717 1.7201031734265355e-05
13885 2.4481891727605187e-05
13917 3.1398708721278033e-06
13960 0.0
13966 0.0
13972 0.0
13982 0.0
14062 0.0
14083 1.3651612487512189e-07
14090 0.0
14428 0.0
14429 5.460644995004875e-07
14430 0.0
14431 6.825806243756094e-08
14529 0.0
14531 0.0
14545 5.460644995004875e-07
14549 1.3651612487512188e-06
14807 8.190967492507313e-07
15076 7.958890080219606e-05
15429 8.190967492507314e-06
15431 0.0
15670 1.2286451238760968e-06
15889 5.801935307192679e-06
15892 8.190967492507313e-07
15984 0.0
15987 0.0
16008 0.0
16437 0.0
16451 2.18425799800195e-06
16461 4.778064370629266e-06
16470 2.7303224975024377e-07
16471 2.18425799800195e-06
16474 2.047741873126828e-06
16476 0.0
16485 0.0
16819 3.575584837354239e-05
16843 2.7303224975024376e-06
17201 0.0
17208 1.3515096362637066e-05
17242 2.7303224975024377e-07
17363 0.0
17476 5.7154750947717694e-05
17477 3.185376247086177e-07
17488 0.0
17798 4.3685159960039e-06
17811 0.0
17821 0.0
18251 0.0
18313 0.0
18532 0.0
18536 0.0
18582 0.0
18615 3.144421409623641e-05
18619 4.300257933566339e-06
18770 0.0
18773 0.0
18774 0.0
18777 0.0
18781 0.0
18785 0.0
18811 0.0
18812 0.0
18815 0.0
18832 0.0
18833 0.0
18834 6.416257869130728e-06
19045 3.890709558940974e-06
19231 0.0
19621 0.0002465481215244701
19697 1.3651612487512189e-07
20178 1.9248773607392185e-05
20179 0.0
20180 4.641548245754144e-06
20193 9.351354553945848e-06
20526 3.412903121878047e-06
20528 1.610890273526438e-05
20534 2.689367660039901e-05
20584 0.0
20592 1.3651612487512189e-07
20593 0.0
20601 6.206933144322209e-06
20602 4.418571908458108e-06
20821 0.0
20833 0.0
20850 0.0
20857 3.958967621378535e-06
20920 0.0
20923 0.0
20924 6.143225619380484e-06
20942 0.0
20972 4.914580495504387e-06
22229 1.0948593214984775e-05
22241 0.0
22386 0.0
22431 6.532296575274589e-05
22563 0.0005375663707270127
22564 0.0
22566 0.0
22835 6.825806243756094e-08
22869 1.7519569358973972e-06
22874 2.0704945606060153e-06
22875 0.0
22876 0.0
22883 4.231999871128778e-06
22886 0.0
23069 3.7541934340658514e-06
23070 6.712042806360159e-06
23116 4.778064370629266e-06
23258 6.825806243756094e-06
23448 0.0
23502 4.969186945454436e-05
23507 7.221703005893947e-05
23545 0.0
23546 0.0
23738 0.00024230474530960197
23774 5.0510966203795095e-06
24043 0.0
24476 0.0
24530 0.0
24966 0.0
24974 0.0
25181 1.8202149983349582e-07
25184 1.7792601608724218e-05
25413 0.0
25702 0.00011945160926573163
25772 1.597238661038926e-05
25791 0.0
25794 2.7303224975024377e-07
25805 5.688171869796744e-06
26850 0.0
27174 6.4617632440891026e-06
27199 6.825806243756094e-07
27203 0.0
27230 5.870193369630241e-06
27241 0.0
27243 0.0
27246 0.0
27249 0.00012557208219763293
27250 0.0
27510 4.641548245754144e-06
27514 6.825806243756094e-08
27530 0.0
27531 1.3651612487512188e-06
27535 0.0003448169787470786
27543 0.0
27606 4.5505374958373955e-08
27612 9.351354553945848e-06
27623 0.0
27627 2.5255483101897548e-06
27631 4.7575869518979975e-05
27632 0.0
27895 0.0
28026 0.0
28202 8.463999742257556e-06
28227 5.0510966203795095e-06
28230 0.0
28249 0.0
28254 3.93166439640351e-05
28265 5.460644995004875e-07
28267 0.0
28278 2.889591309856746e-06
28287 1.530345759850116e-05
28290 1.100319966493482e-05
28336 4.505032120879022e-06
28350 5.0510966203795095e-06
28359 0.0
28385 0.0
28387 1.2286451238760968e-06
28389 0.0
28412 0.0
28447 1.0511741615384385e-05
28456 0.0
28471 2.7303224975024377e-07
28473 0.0
28485 3.890709558940972e-06
28487 0.0
28489 0.0
28491 0.0
28504 0.0
28542 0.0
28632 1.9794838106892673e-06
28640 0.0
28641 0.0
28649 0.0
28674 0.0
28851 1.342408561272032e-06
28957 0.0
28964 5.460644995004875e-07
29492 0.0
29708 2.7303224975024377e-07
29723 7.23535461838146e-05
29738 0.0
30817 0.0
30895 2.7030192725274132e-05
30901 0.0
30934 0.0
30973 0.0
31043 0.0
31055 0.0
31083 0.0
31097 0.0
31105 0.0
31336 0.0
31349 0.0
31353 1.4334193111887797e-06
31479 0.0
31483 0.0
31489 1.0011182490842271e-06
31769 9.419612616383409e-06
31863 6.825806243756093e-07
31927 1.023870936563414e-06
31932 9.556128741258531e-07
32083 0.0
32260 1.2969031863136577e-06
32276 0.0
32688 0.0
32698 6.825806243756094e-07
32872 7.508386868131703e-07
33013 0.0
33231 0.0
33301 0.0
33303 0.0
33325 0.0
33412 3.242257965784144e-05
33818 7.076085806027151e-06
33823 0.0
33895 1.9112257482517062e-06
33904 1.5699354360639017e-06
33907 2.7985805599399983e-06
34082 6.825806243756094e-08
34257 3.276386997002925e-06
34263 6.825806243756094e-07
34266 1.5016773736263406e-06
34315 1.3651612487512189e-07
34355 1.5016773736263406e-06
34708 1.4265935049450237e-05
34961 2.7303224975024376e-06
34979 2.7303224975024377e-07
35061 0.0003049246917898202
35070 0.0
35335 4.0954837462536563e-07
35343 5.324128870129753e-06
35490 2.7030192725274132e-05
35778 6.382128837911948e-05
35797 0.00013207935081668043
35852 0.0
35854 0.0
35863 2.0750450981018524e-05
35905 5.692722407292582e-05
35922 0.00011337664170878872
36131 0.0
36140 6.216034219313883e-05
36145 1.3651612487512188e-06
36162 0.0
36167 3.412903121878047e-06
36620 1.979483810689267e-05
36802 2.18425799800195e-06
37483 0.00014627702780369313
37541 8.190967492507313e-07
37879 0.0
37884 5.870193369630241e-06
37888 2.8668386223775594e-06
37998 0.0
38000 0.0
38205 2.4518296027571882e-05
38480 2.4572902477521937e-06
38537 0.0
38722 6.0180858382449565e-06
38771 0.0
38829 6.347999806693167e-06
38839 0.0
38845 8.190967492507313e-07
38846 0.0
39124 0.0
39126 1.0648257740259506e-05
39127 0.0
39130 7.859915889685182e-05
39131 6.403743891017175e-05
39165 6.006709494505362e-06
39199 3.93166439640351e-05
39210 1.8429676858141454e-05
39403 1.0011182490842271e-06
39474 2.0477418731268282e-07
39890 2.7439741099899496e-05
39904 0.0
40124 1.7064515609390234e-06
40125 2.047741873126828e-06
40131 8.190967492507313e-07
40135 0.0
40151 9.010064241758043e-06
40583 0.0
40605 5.688171869796744e-07
40886 0.0
40922 0.0
41216 1.3651612487512189e-07
41417 1.2695999613386335e-05
41666 9.556128741258531e-07
41714 8.725655648268208e-06
41732 0.0
42156 0.0
42207 3.5494192467531677e-06
42209 0.0
42221 0.0
42847 1.7747096233765843e-06
42848 0.0
43165 0.0
43186 0.0
43639 2.18425799800195e-06
43698 0.0
44017 8.190967492507313e-07
44121 0.0
44368 5.460644995004875e-07
44455 3.0943654971694295e-06
44514 0.0
45052 0.0
45061 0.0
45188 3.412903121878047e-06
45189 1.2149935113885848e-05
45212 5.460644995004875e-07
45533 0.0
45599 0.0
45603 0.0
45605 1.9510429513402832e-05
46079 1.2286451238760968e-06
46431 0.0
46452 0.0
46468 9.528825516283507e-05
46470 0.0
46476 0.0
46491 0.0
46500 0.0
46501 0.0
46536 0.0
46547 1.9112257482517062e-06
46887 0.0
47570 4.778064370629266e-07
47682 0.0
47683 0.0
47684 0.0
47839 0.0
48066 0.0
48075 0.0
48550 5.870193369630241e-05
48555 6.143225619380484e-06
48764 0.0
48766 2.1660558480186007e-06
48768 0.0
48781 2.7303224975024377e-07
49482 4.5323353458540465e-05
49660 4.300257933566339e-06
49720 0.0
49753 0.0
49811 5.255870807692192e-05
49843 1.2286451238760968e-06
49844 3.799698809024225e-06
49847 0.0
49895 0.0
50336 5.754154663486387e-05
50337 2.976051522277657e-05
50354 3.412903121878047e-07
50381 1.9863096169330233e-05
50807 0.0
50838 0.0
50980 0.0
51045 0.0
51049 0.0
51052 0.0
51180 5.738227782250956e-05
51831 0.0
51834 0.0
51866 5.972580463286582e-05
51879 0.0
51909 8.190967492507313e-07
51934 0.0
52000 2.7303224975024377e-07
52003 4.0954837462536563e-07
52007 0.0
52515 9.726773897352434e-05
52784 2.047741873126828e-06
52835 4.960085870462762e-06
52847 3.958967621378535e-06
53942 0.0
54129 1.1963363076556515e-05
54131 2.0727698293539335e-05
54132 0.0
54550 5.0510966203795095e-06
54844 1.3651612487512189e-07
55403 0.0
55770 0.0
55801 2.7303224975024377e-07
55968 3.412903121878047e-06
56112 7.560718049333836e-06
56115 1.7446760759040577e-05
56119 2.5665031476522903e-06
56167 3.8224514965034125e-06
56708 0.0
56709 1.235470930119853e-05
57119 0.0
57764 5.870193369630241e-06
57773 0.0
57922 0.0
57932 0.0
57948 4.3685159960039e-06
58268 3.412903121878047e-07
58436 0.0
58453 0.0
58454 1.2286451238760968e-06
58540 2.4572902477521937e-06
58552 3.276386997002925e-06
58758 7.508386868131703e-06
59045 2.7303224975024377e-07
59244 0.0
59626 0.0
59715 1.2969031863136577e-06
59772 0.0
59798 0.0
60159 2.7303224975024377e-07
60169 2.7303224975024377e-07
60170 1.3651612487512189e-07
60560 0.0
60682 1.3651612487512189e-07
61069 3.2877633407425185e-06
61073 0.0
61312 0.0
61417 4.0954837462536563e-07
62274 1.3856386674824871e-05
62329 1.092128999000975e-05
62333 0.0
62347 4.641548245754144e-06
62389 5.324128870129753e-06
62417 2.7303224975024377e-07
62607 0.0
62634 1.2969031863136577e-06
62676 0.0
62718 1.092128999000975e-07
63477 0.0
63486 4.436774058441461e-05
63549 1.3651612487512189e-07
63812 0.0
63832 0.0
63835 3.8224514965034125e-06
63915 2.5005203539626517e-05
63931 1.3378580237761945e-05
64271 3.351470865684242e-05
64319 0.0
64484 0.0
64519 0.00013856386674824874
65057 1.3651612487512188e-06
65074 6.621032056443411e-06
65212 0.0
65650 1.5244300611055276e-05
65653 1.1740386739260482e-05
66556 7.917935242757068e-06
66563 2.6165590601065028e-06
66564 0.0
66594 1.085303192757219e-05
66596 0.0
66751 0.0
66782 2.7303224975024377e-07
66794 1.6381934985014625e-06
66805 3.6859353716282907e-06
66809 0.0
66982 8.327483617382435e-06
66986 2.7303224975024377e-07
66990 5.520939616824721e-05
67245 0.0
67246 0.0
67292 0.0
67415 2.6711655100565512e-05
67584 0.0
67633 4.0954837462536563e-07
68115 0.0
68224 0.0
68463 0.0
68495 0.0
68505 0.0
69198 3.822451496503413e-05
69284 3.8224514965034125e-06
69296 1.3651612487512189e-07
69392 2.7303224975024377e-07
69397 0.0
69418 0.0
70281 0.0
70441 0.0
70442 7.3718707432565815e-06
70444 0.0
70520 0.0
70970 4.1864944961704036e-06
71336 0.0
71736 0.0
71904 0.0
72056 1.3651612487512189e-07
72101 4.914580495504387e-06
72406 0.0
72805 0.0
72908 4.277505246087153e-06
73119 0.0
73146 8.757509410739068e-05
73162 0.0
73323 0.0
73327 1.8065633858474464e-05
73712 0.0
73972 0.0
74427 5.733677244755119e-06
74698 6.143225619380484e-07
74700 2.0477418731268282e-07
74749 0.0
74821 0.0
74920 0.0
74921 0.0
74937 0.0
74975 0.0
75121 7.169371824691808e-05
75318 2.7303224975024377e-07
75674 4.0954837462536563e-07
75691 0.0
75693 0.0
75694 0.0
75695 1.6836988734598365e-06
75969 8.190967492507313e-07
75972 1.965832198201755e-05
75983 0.0
77108 0.0
77112 0.0
77438 4.300257933566339e-06
77515 1.3196558737928446e-06
77758 2.2161117604728114e-05
77826 7.781419117881946e-06
77829 0.0
78508 0.0
78511 1.2969031863136579e-05
78549 0.0
78552 1.023870936563414e-06
78555 0.0
78557 2.093247248085202e-06
78994 8.646021242091051e-07
79809 5.126180489060826e-05
79817 1.3651612487512189e-07
80491 0.0
80515 4.5505374958373955e-08
80656 0.0
81350 2.047741873126828e-06
81714 6.143225619380484e-07
81722 0.0
82087 0.0
82090 6.825806243756094e-07
82098 1.2286451238760968e-06
82664 4.5505374958373955e-08
82666 0.0
82920 0.0
83449 1.3537849050116251e-05
83461 1.1785892114218854e-05
83725 1.8213526327089174e-05
83746 4.0954837462536563e-07
83826 4.095483746253656e-06
83847 0.0
84020 9.419612616383409e-06
84021 1.8839225232766818e-05
84459 0.0
84695 0.0
85299 1.092128999000975e-06
85324 0.0
85352 3.594924621711541e-06
85449 5.460644995004875e-07
85452 1.1740386739260482e-05
85688 0.0009878306795963819
86258 0.0
86359 8.418494367299183e-06
86840 0.0
86923 4.0954837462536563e-07
87363 1.5244300611055277e-06
87417 3.276386997002925e-06
87482 2.7303224975024377e-07
87915 2.7758278724608114e-06
88356 0.0
89308 5.460644995004875e-07
89335 0.0
89416 4.7098063081917045e-06
89547 5.187612745254631e-06
90470 3.412903121878047e-07
90655 0.0
90888 3.472060109323933e-05
91038 0.0
91581 1.1876902864135601e-05
91852 9.010064241758043e-06
91853 1.1603870614385359e-05
91975 1.023870936563414e-06
92065 4.505032120879022e-06
92589 0.0
93273 0.0
93318 0.0
93320 0.0
93555 1.092128999000975e-06
93755 0.0
93923 3.0261074347318655e-06
94229 9.419612616383409e-06
94416 0.0
94639 0.0
94641 4.505032120879022e-06
94713 0.0
94953 0.0
95188 2.320774122877072e-06
95198 0.0
95225 2.320774122877072e-06
95435 0.0
95579 0.0
95586 8.190967492507313e-07
95588 0.0
95589 0.0
95594 0.0
95597 0.0
95642 0.0
95718 5.460644995004875e-07
95719 6.825806243756094e-08
96335 0.0
96845 0.0
96847 4.095483746253656e-06
96851 0.0
97377 0.0001629661240696774
97390 5.460644995004875e-07
97645 0.0
97892 0.0
98693 2.7303224975024377e-07
98698 0.0
99023 1.7747096233765843e-06
99025 0.0
99030 0.0
100197 1.7610580108890723e-05
100701 0.0
100935 5.460644995004875e-07
100961 6.825806243756094e-08
101143 5.460644995004875e-06
101145 0.0
101261 0.0
101263 6.825806243756094e-07
101660 5.460644995004875e-07
101662 5.0510966203795095e-06
101811 3.773533218423157e-05
102061 0.0
102406 0.0
102879 0.0
102884 5.915698744588614e-07
102938 0.0
102939 0.0
103430 1.3651612487512189e-07
103482 4.300257933566339e-06
103515 6.55277399400585e-06
103528 5.460644995004875e-07
103529 9.556128741258531e-07
103531 4.3685159960039e-06
103537 3.05796119720273e-05
103543 0.00011459391048892521
104840 0.0
105057 0.0
105856 3.9453160088910224e-05
105865 3.276386997002925e-06
105899 3.6859353716282907e-06
106590 8.190967492507313e-07
107177 0.0
107251 6.825806243756094e-08
107252 0.0
107569 2.7303224975024377e-07
108047 7.304977842067771e-05
108962 2.0045117669163715e-05
108963 6.825806243756094e-08
108974 0.0
108983 1.0875784615051368e-05
109323 0.0
110041 0.0
110162 6.143225619380484e-07
110163 1.2969031863136577e-06
110164 0.0
111676 0.0
111770 0.0
111866 1.3651612487512189e-07
112099 0.0
112378 2.8736644286213154e-05
112787 9.556128741258531e-07
112813 0.0
114189 4.0954837462536563e-07
114308 2.252516060439511e-06
114966 0.0
115188 0.0
116021 2.7303224975024377e-07
116081 0.0
116084 2.2183870292207306e-05
116087 0.0
116512 0.0
116528 0.0
116545 0.0
116552 2.115999935564389e-06
116553 8.190967492507313e-07
116790 3.8224514965034125e-06
117315 3.276386997002925e-06
117316 2.7303224975024376e-06
117328 0.0
118079 0.0
118259 6.825806243756094e-08
118260 6.825806243756094e-08
118424 0.0
118435 0.0
118436 0.0
118558 0.0
118559 4.641548245754144e-06
118682 0.0
118873 0.0
119686 8.190967492507313e-07
119712 0.0
119761 2.4572902477521937e-06
119956 0.0
120013 0.0
120039 0.0
120084 4.0954837462536563e-07
120817 0.0
121792 0.0
123556 1.5016773736263406e-06
123825 3.035208509723543e-05
124064 1.023870936563414e-05
124224 6.825806243756094e-08
124296 4.778064370629266e-06
124734 1.7428558609057224e-06
124828 1.3651612487512189e-07
124952 0.0
126128 0.0
126793 4.3685159960039e-06
126867 0.0
126868 0.0
126909 0.0
126912 7.26834601522628e-05
126920 0.0
126926 0.0
126927 0.0003533037311768154
127033 3.8224514965034125e-06
127940 8.190967492507313e-07
128202 0.0
128203 1.3651612487512189e-07
128383 0.0
128540 0.0
129042 4.095483746253656e-06
129045 1.092128999000975e-06
129287 2.7303224975024377e-07
129558 0.0
129896 0.0
129897 0.0
131042 3.412903121878047e-06
131117 4.0954837462536563e-07
131122 0.0
131315 6.279741744255607e-06
131317 0.0
131318 6.825806243756094e-07
132806 5.460644995004875e-07
132821 0.0
133550 1.7610580108890723e-05
133553 2.9350966848151205e-06
133563 5.2012643577421433e-05
133566 6.825806243756094e-06
133567 0.0
133615 0.0
133628 0.0
134060 4.914580495504387e-06
134128 6.416257869130728e-06
134199 0.0
134219 0.0
134307 1.137634373959349e-06
134314 0.0
134315 0.0
134316 2.5483009976689412e-06
134320 0.0
135130 1.5016773736263406e-06
135464 0.0
135765 0.0
135766 0.0
135798 0.0
136665 0.0
136766 2.320774122877072e-06
136767 0.0
136768 0.0
137130 4.0954837462536563e-07
137359 0.0
137380 2.7303224975024377e-07
137790 0.0
137849 2.4572902477521937e-06
137868 9.556128741258531e-07
137873 0.0
137956 2.7303224975024377e-07
139547 0.0
139738 0.0
139865 3.412903121878047e-07
140005 0.0
140569 0.0
141160 2.7985805599399983e-06
141171 5.460644995004875e-07
141324 7.3718707432565815e-06
141342 4.573290183316583e-06
141347 0.0
141596 0.0
141868 2.559677341408535e-06
142268 7.508386868131703e-07
143323 0.0
143476 0.0
143676 0.0
143801 0.0
144212 2.4572902477521937e-06
144330 2.1592300417748433e-05
144408 0.00025364696001797647
144679 6.143225619380484e-06
144701 3.208128934565364e-06
145134 2.7303224975024377e-07
145176 2.0477418731268282e-07
145215 3.412903121878047e-06
145315 0.0
145384 0.0
147870 1.5016773736263406e-06
148170 1.8202149983349582e-07
148341 1.3651612487512189e-07
148399 0.0
149139 0.0
149669 5.187612745254631e-06
151430 3.890709558940972e-06
151708 5.733677244755119e-06
152219 0.0
152226 3.412903121878047e-06
152227 5.460644995004875e-06
152483 2.5938063726273154e-06
152731 3.1398708721278033e-06
153063 3.6995869841158026e-05
153598 1.3651612487512189e-07
154023 0.0
154047 0.0
154134 0.0
154982 5.911148207092777e-05
155158 0.0
155277 0.0
155736 1.5016773736263406e-06
155738 7.508386868131703e-07
156794 0.0
156977 3.412903121878047e-07
157401 4.778064370629266e-06
157761 1.7747096233765843e-06
157805 5.187612745254631e-06
158098 0.0
158172 1.3651612487512188e-06
158614 0.0
158812 0.0
159084 0.0
159085 0.0
159897 3.572171934232355e-06
160705 0.0
160732 0.0
161221 2.047741873126828e-06
162075 2.7303224975024377e-07
162080 1.2286451238760968e-06
162664 9.829160991008775e-06
163235 0.0
164885 0.0
166420 0.0
166825 0.0
166989 0.0
167205 0.0
167656 0.0
167670 7.781419117881946e-06
168332 0.0
168410 0.0
168958 0.0
169279 2.7303224975024377e-07
169280 0.0
170338 0.0
170798 6.825806243756094e-06
171225 0.0
171954 4.3685159960039e-06
173863 0.0
173884 0.0
174418 6.825806243756094e-07
174425 0.0
175256 0.0
175291 3.1398708721278033e-06
175548 0.0
175576 0.0
175909 1.6381934985014625e-06
177115 0.0
177993 1.3651612487512189e-07
177998 0.0
178209 1.6927999484515113e-05
178718 0.0
178727 6.143225619380484e-07
179180 0.0
179702 0.0
179706 0.0
180187 1.3651612487512189e-07
180301 0.0
180373 1.039797817798845e-05
180399 1.1421849114551862e-05
181782 0.0
182093 0.0
182094 6.962322368631216e-06
184157 0.0
184918 9.829160991008775e-06
187260 0.0
187354 9.12382767915398e-06
188318 0.0
188471 0.0
189566 0.0
189571 6.416257869130728e-06
189572 1.5016773736263406e-06
189574 5.324128870129753e-06
189577 0.0
189620 1.2559483488511213e-05
189623 0.0
189655 0.0
189708 0.0
189721 1.3651612487512189e-07
189774 1.2286451238760968e-06
189856 1.023870936563414e-06
190697 0.0
190698 0.0
190706 7.508386868131703e-06
191216 0.0
191222 0.0
191404 0.0
192734 0.0
192850 6.962322368631216e-06
192870 0.0
193347 2.7303224975024377e-07
193352 6.825806243756094e-07
193354 0.0
193742 6.825806243756094e-07
193918 0.0
193931 1.6177160797701944e-05
193932 7.508386868131703e-07
194223 4.914580495504387e-06
194609 0.0
194617 1.9794838106892673e-06
194645 3.412903121878047e-06
195150 6.825806243756094e-08
195361 0.0
195792 7.3718707432565815e-06
197054 2.7303224975024376e-06
197452 1.3651612487512188e-06
197783 0.0
198443 6.825806243756094e-07
198653 8.600515867132678e-06
198866 0.0
199571 0.0
200480 0.0
200630 2.7303224975024377e-07
202520 0.0
202522 0.0
202639 0.00013792679149883148
203646 1.3651612487512189e-07
205192 1.2286451238760968e-06
205196 1.1603870614385359e-05
206259 0.0
206371 0.0
206524 0.0
207395 0.0
208345 1.0784773865134627e-05
210309 2.7303224975024377e-07
210871 0.0007793682816433228
210872 0.0
211432 0.0
211875 0.0
211906 0.0
212097 0.0
212107 0.0
212777 0.0
212930 0.0
213246 0.0
213279 2.7303224975024377e-07
214472 0.0
215912 6.825806243756094e-08
216877 0.0
216878 0.0
217115 2.7303224975024377e-07
217139 1.3651612487512189e-07
217852 0.0
217984 0.0
218410 1.9112257482517062e-06
218666 0.0
218682 4.5505374958373967e-07
219218 0.0
219239 6.279741744255607e-06
219446 5.870193369630241e-06
219976 0.0
220420 0.0
221302 3.412903121878047e-07
226698 0.0
227178 2.275268747918698e-06
227286 6.825806243756094e-06
228990 0.0
228992 0.0
229635 0.0
230300 1.3651612487512189e-07
230879 0.0
230884 7.508386868131702e-07
231198 6.293393356743118e-05
231249 1.092128999000975e-06
232605 1.3651612487512189e-07
232606 0.0
232860 0.0
233106 0.0
235670 0.0
235678 6.825806243756094e-08
235679 3.412903121878047e-07
235683 0.0
235776 0.0
236759 0.0
237376 0.0
237489 3.1853762470861775e-06
237521 5.187612745254631e-06
238099 2.4572902477521937e-06
238401 0.0
239800 6.825806243756094e-08
239810 0.0
239829 0.0
240321 0.0
240791 1.2149935113885848e-05
241133 0.0
241821 0.0
242637 2.320774122877072e-06
242663 0.0
243274 0.0
243483 1.7747096233765843e-06
245288 0.0
245955 0.0
246618 1.3651612487512188e-06
248119 0.0
248395 0.0
248425 3.401526778138453e-06
248431 0.0
248823 8.190967492507313e-07
249421 2.7303224975024376e-06
249858 1.8202149983349582e-07
250566 0.0
251756 2.7303224975024377e-07
252715 0.0
252725 0.0
253762 0.0
253971 1.3651612487512189e-07
254923 6.351185182940253e-05
255233 0.0
255628 0.0
256106 0.0
258259 0.0
259126 0.0
259701 0.0
259702 5.460644995004875e-07
259772 0.0
260121 0.0
260979 4.0954837462536563e-07
261040 0.0
262108 0.0
262121 0.0
262178 0.0
263069 0.0
263279 8.05445136763219e-06
263482 0.0
263486 2.4572902477521937e-06
263498 8.190967492507313e-07
263553 6.825806243756094e-08
264347 4.0954837462536563e-07
264556 0.0
265203 1.1831397489177229e-06
267003 5.540279401182029e-05
267824 0.0
270085 0.0
270456 0.0
270600 0.0
272345 0.0
272720 4.0954837462536563e-07
273152 2.616559060106502e-07
273949 7.91793524275707e-06
277263 0.0
278394 0.0
278403 0.0
280876 1.3651612487512189e-07
282700 0.0
284023 1.9112257482517062e-06
284025 1.092128999000975e-06
284414 5.324128870129753e-06
285675 0.0
285687 0.0
286500 0.0
286513 0.0
286562 0.0
287787 4.641548245754144e-06
288107 0.0
289085 7.644902993006825e-06
289088 4.778064370629266e-07
289779 0.0
289780 1.2286451238760968e-06
289781 9.556128741258531e-07
289885 1.4334193111887797e-06
289945 0.0
292277 0.0
293271 1.7747096233765843e-06
293285 0.0
293974 6.757548181318533e-06
294030 3.344645059440486e-06
294126 0.0
294145 0.0
294239 0.0
299195 0.0
299197 0.0
300071 0.0
300806 6.368477225424435e-05
302545 0.0
307015 2.7303224975024376e-06
307336 9.556128741258531e-07
307656 0.0
308003 0.0
308232 0.0
308529 0.0
308920 0.0
309476 0.0
310530 9.556128741258531e-07
310653 0.0
310742 0.0
312409 0.0
314459 1.1376343739593489e-07
315266 0.0
315789 2.7303224975024377e-07
318071 0.0
318187 0.0
321004 0.0
321861 1.7747096233765843e-06
323128 0.0
325314 0.0
325497 0.0
328370 0.0
330148 5.870193369630241e-06
330208 0.0
334153 1.5016773736263406e-06
335042 1.3651612487512189e-07
335733 5.460644995004875e-07
337766 0.0
340075 0.0
340078 1.3788128612387309e-05
340299 4.095483746253656e-06
341188 4.7098063081917045e-06
342802 0.0
345340 0.0
346243 5.870193369630241e-06
346292 9.556128741258531e-07
348305 0.0
348437 0.0
350319 2.7303224975024377e-07
350362 0.0
350373 0.0
353541 0.0
354004 1.092128999000975e-06
358866 6.825806243756093e-07
358884 1.3651612487512189e-07
358887 0.0
358894 0.0
359067 0.0
360028 0.0
362926 0.0
365294 0.0
367312 2.7303224975024377e-07
368431 6.825806243756094e-06
368605 2.7303224975024377e-07
368657 0.0
370366 0.0
372862 0.0
375605 0.0
375825 1.3651612487512189e-07
376704 0.0
377303 1.7747096233765843e-06
379288 0.0
380341 0.0
384428 0.0
385067 4.778064370629266e-07
385251 0.0
385572 3.1398708721278033e-06
387795 0.0
389715 3.412903121878047e-07
390693 0.0
390889 0.0
390894 0.0
390896 0.0
390922 0.0
395075 0.0
395540 0.0
395547 0.0
395553 6.279741744255607e-06
395725 1.9112257482517062e-06
396412 0.0
397488 0.0
397590 1.3651612487512189e-07
399173 0.0
399339 6.825806243756093e-07
399370 1.2286451238760969e-05
400356 1.3651612487512188e-06
400455 0.0
400473 0.0
408885 0.0
409255 0.0
409725 0.0
411005 0.0
411092 0.0
415693 1.528980598601365e-05
416455 0.0
416867 0.0
416964 0.0
417017 0.0
421481 0.0
423463 0.0
423816 0.0
424540 4.3685159960039e-06
427606 1.1603870614385359e-05
428610 0.0
429781 0.0
429805 0.0
430329 4.0954837462536563e-07
430574 0.0
430711 0.0
431206 1.0466236240426011e-05
436796 0.0
440815 0.0001709181883436526
444191 5.733677244755119e-05
444240 0.0
445938 9.556128741258531e-07
446271 0.0
446610 0.0
447224 1.3651612487512189e-07
447250 0.0
449841 6.143225619380484e-06
458439 0.0
459206 0.0
459213 9.101074991674791e-08
459214 1.0466236240426009e-06
459216 1.3651612487512188e-06
463825 0.0
466170 0.0
467383 0.0
469504 0.0
470511 0.0
481073 0.0
486840 1.9112257482517062e-06
502574 0.0
503871 0.0
503877 4.095483746253656e-06
503883 7.3718707432565815e-06
503893 6.825806243756094e-07
509233 0.0
509315 0.0
509379 1.0648257740259506e-05
510715 0.0
510718 0.0
513189 2.2297633729603244e-06
519318 5.870193369630241e-06
519353 1.7747096233765843e-06
520471 5.324128870129753e-06
521183 0.0
521207 4.641548245754144e-06
521251 2.7303224975024377e-07
521252 4.0954837462536563e-07
521269 2.5938063726273154e-06
521855 3.003354747252681e-06
522338 0.0
523010 0.0
523394 4.0954837462536563e-07
523574 0.0
529165 0.0
531348 0.0
531351 0.0
545647 0.0
552469 0.0
559804 6.074967556942924e-06
560936 2.0886967105893648e-05
561238 0.0
561364 1.3651612487512189e-07
561568 0.0
561581 1.9112257482517062e-06
561582 0.0
561593 0.0
561595 1.092128999000975e-06
561610 0.0
561611 0.0
561613 0.0
561674 5.460644995004875e-07
561789 0.0
561809 0.0
562067 4.0954837462536563e-07
562123 0.0
562940 0.0
563613 0.0
566488 0.0
566653 0.0
566664 0.0
567005 3.412903121878047e-06
567018 0.0
568045 0.0
568857 1.8543440295537386e-06
573535 0.0
573553 0.0
573964 7.280859993339832e-07
573978 0.0
574009 0.0
574264 1.1057806114884872e-05
574462 0.0
574710 0.0
575077 1.3637960875024678e-05
575292 2.4572902477521937e-06
575331 0.0
575402 1.092128999000975e-06
575795 2.4572902477521937e-06
576257 4.641548245754144e-06
576362 0.0
576691 1.5016773736263406e-06
576725 8.190967492507313e-07
576795 1.9112257482517062e-06
576973 0.0
577086 0.0
577227 0.0
577331 6.825806243756094e-07
578306 6.825806243756094e-08
578309 1.3651612487512189e-07
578337 6.234236369297233e-06
578347 2.7303224975024377e-07
578365 0.0
578645 0.0
578646 1.4907560836363309e-05
578649 0.0
578650 0.0
578669 2.7303224975024377e-07
578780 0.0
578845 8.190967492507313e-07
578898 0.0
579008 6.416257869130728e-06
579108 0.0
582139 2.18425799800195e-06
582343 9.146580366633166e-06
582349 0.0
582511 0.0
583318 0.0
589923 2.7303224975024376e-06
590022 0.0
591016 7.91793524275707e-06
591017 2.18425799800195e-06
592826 1.3651612487512189e-07
592830 8.190967492507313e-07
592973 3.071612809690242e-07
592975 5.460644995004875e-07
592986 0.0
592993 0.0
592996 0.0
593022 1.3651612487512188e-06
593060 1.7747096233765843e-06
593068 0.0
593091 2.4572902477521937e-06
593104 0.0
593105 0.0
593155 5.460644995004875e-07
593201 0.0
593209 0.0
593210 0.0
593240 3.1398708721278033e-06
593248 0.0
593260 0.0
593328 0.0
593329 1.4789246861471535e-06
593544 5.460644995004875e-07
593559 0.0
593560 0.0
593813 0.0
593859 0.0
593921 0.0
593942 5.187612745254631e-06
594011 0.0
594025 0.0
594039 0.0
594047 1.2400214676156905e-06
594119 0.0
594387 0.0
594483 0.0
594511 0.0
594543 0.0
594649 0.0
594900 0.0
595056 0.0
595063 0.0
595157 0.0
595193 0.0
596075 0.0
601462 0.0
601561 0.0
601567 0.0
604073 0.0
606479 1.3651612487512189e-07
606647 0.0
608190 8.646021242091051e-07
608191 8.646021242091051e-07
608292 0.0
608326 1.2286451238760968e-06
610529 0.0
612306 0.0
613409 0.0
616336 0.0
617378 0.0
617575 0.0
621555 0.0
626530 0.0
626531 0.0
626574 1.3651612487512189e-07
626999 0.0
627024 1.2013418989010724e-05
628458 0.0
628459 0.0
628500 1.3651612487512189e-07
628667 0.0
628668 0.0
628751 2.7303224975024377e-07
628764 0.0
628766 0.0
628815 0.0
628888 5.460644995004875e-07
630817 0.0
630890 1.3651612487512189e-07
631015 0.0
631052 0.0
632796 1.1376343739593489e-07
632874 4.5505374958373955e-08
632935 0.0
633030 0.0
633031 0.0
633081 0.0
633585 7.280859993339833e-07
633721 6.825806243756094e-07
634902 0.0
634904 0.0
634938 0.0
634975 0.0
636098 0.0
636500 0.0
636511 0.0
640617 2.7303224975024377e-07
641956 1.3651612487512188e-06
641976 3.1444214096236405e-05
642593 0.0
642621 0.0
642641 0.0
642681 3.085264422177754e-05
642798 1.2286451238760968e-06
642827 0.0
642847 1.542632211088877e-05
642894 7.0305804310687765e-06
642920 0.0
642930 0.0
643003 1.092128999000975e-06
643069 1.5016773736263406e-06
643199 1.3651612487512189e-07
643221 5.825825629045818e-05
643239 3.7769461215450383e-06
643485 2.3071225103895596e-05
643597 0.0
643695 0.0
643734 4.0954837462536563e-07
643735 0.0
643777 0.0
644093 3.185376247086177e-06
644334 0.0
644361 0.0
644363 0.0
644427 0.0
644441 4.0954837462536563e-07
644448 3.8224514965034125e-06
644470 0.0
644494 4.0954837462536563e-07
644577 2.0818709043456086e-05
644843 0.0
645016 5.460644995004875e-07
645046 0.0
645084 5.460644995004875e-07
645088 0.0
645452 0.0
645571 0.00018497934920579014
645870 2.7303224975024377e-07
645897 0.0002157409826776509
646195 0.0
646286 0.00046068503973483837
646289 0.0
646334 0.0
646357 0.0
646412 0.0
646440 0.0
646809 3.1398708721278033e-06
646836 0.0
646837 0.0
646900 0.0
646913 2.320774122877072e-06
647315 0.0
647408 0.0
647413 0.0
647447 1.160387061438536e-06
648106 2.7303224975024377e-07
648112 1.3651612487512189e-07
648121 0.0
648232 2.7303224975024377e-07
648369 0.0
649730 0.0
649731 3.799698809024226e-05
649739 0.0
649944 0.0
650807 0.0
650814 0.0
650834 0.0
653441 2.8668386223775594e-06
653628 0.0
654177 2.7303224975024377e-07
654326 9.283096491508288e-06
654339 0.0
654519 0.0
656048 2.047741873126828e-06
656231 5.733677244755119e-06
662250 0.0
662279 0.0
662416 6.825806243756094e-08
662572 1.3651612487512189e-07
671052 1.3651612487512189e-07
671269 3.594924621711543e-06
671293 6.825806243756094e-07
672064 1.893023598268357e-05
672070 1.0329720115550888e-05
672071 8.213720179986499e-06
675649 1.7064515609390234e-06
675756 0.0
675847 4.982838557941948e-06
682508 0.0
682666 0.0
682815 0.0
683294 0.0
683355 7.91793524275707e-06
683360 2.7303224975024377e-07
683404 1.3424085612720313e-06
684372 0.0
684531 0.0
684972 6.825806243756094e-08
684986 2.8668386223775594e-06
686015 0.0
686030 0.0
686061 0.0
686532 0.0
686559 0.0
687401 0.0
688361 0.0
688824 0.0
688849 0.0
689152 4.0954837462536563e-07
689439 0.0
693143 1.3651612487512189e-07
694759 0.0
695284 0.0
696342 0.0
696343 0.0
696345 6.234236369297232e-06
696346 0.0
703953 0.0
708945 0.0
709113 2.7303224975024377e-07
709518 0.0
711527 0.0
711598 0.0
711994 0.0
714208 3.412903121878047e-07
714256 8.190967492507313e-07
714260 1.9112257482517062e-06
714289 9.010064241758043e-06
714748 0.0
714879 0.0
714975 0.0
733167 6.143225619380484e-06
733534 0.0
733576 0.0
734406 0.0
735303 2.18425799800195e-06
735311 0.0
737204 0.0
738941 0.0
739280 0.0
739707 4.0954837462536563e-07
739816 0.0
746058 0.0
751408 4.0954837462536563e-07
752684 0.0
753047 3.0238321659839495e-05
753070 8.190967492507313e-07
753264 0.0
753265 3.440206346853071e-05
754594 0.0
755082 1.3651612487512189e-07
755217 0.0
756061 0.0
762980 0.0
763009 5.733677244755119e-06
763010 1.8156644608391208e-05
763181 0.0
767763 2.0477418731268282e-07
779960 0.0
782486 0.0
785678 0.0
787016 2.7303224975024377e-07
801170 0.0
814836 0.0
815073 0.0
815096 1.092128999000975e-05
817774 0.0
820661 0.0
820662 0.0
824245 0.0
851968 2.7303224975024377e-07
853114 0.0
853115 0.0
853116 2.7303224975024377e-07
853118 5.460644995004875e-07
853150 0.0
853155 9.556128741258531e-07
854434 0.0
884094 0.0
892139 0.0
899085 0.0
899119 0.0
907845 0.0
911198 0.0
917493 0.0
919885 0.0
928873 0.0
943087 0.0
948147 0.0
948299 0.0
948846 0.0
949217 0.0
949318 0.0
949511 0.0
950052 0.0
950305 0.0
950986 0.0
954315 4.095483746253656e-06
964248 0.0
975567 0.0
976284 0.0
976334 0.0
987188 0.0
987197 0.0
989397 0.0
990075 0.0
1000012 0.0
1022969 0.0
1031453 0.0
1050679 0.0
1059953 0.0
1061127 0.0
1063773 0.0
1071981 0.0
1095507 0.0
1102364 0.0
1102400 0.0
1102407 0.0
1102442 0.0
1102548 0.0
1102550 0.0
1102567 0.0
1102625 0.0
1102646 0.0
1102751 0.0
1102761 0.0
1102794 0.0
1102850 0.0
1102873 0.0
1103016 0.0
1103031 0.0
1103038 0.0
1103162 0.0
1103315 0.0
1103383 0.0
1103394 0.0
1103499 0.0
1103610 0.0
1103676 0.0
1103737 0.0
1103960 0.0
1103969 0.0
1103979 0.0
1103985 0.0
1104007 0.0
1104031 0.0
1104055 0.0
1104182 0.0
1104191 0.0
1104258 0.0
1104261 0.0
1104300 0.0
1104379 0.0
1104435 0.0
1104449 0.0
1104495 0.0
1104647 0.0
1104749 0.0
1104769 0.0
1104787 0.0
1104809 0.0
1104851 0.0
1104946 0.0
1104999 0.0
1105011 0.0
1105033 0.0
1105062 0.0
1105116 0.0
1105148 0.0
1105221 0.0
1105231 0.0
1105344 0.0
1105360 0.0
1105394 0.0
1105428 0.0
1105433 0.0
1105450 0.0
1105505 0.0
1105530 0.0
1105531 0.0
1105574 0.0
1105603 0.0
1105622 0.0
1105672 0.0
1105698 0.0
1105718 0.0
1105764 0.0
1105810 0.0
1105877 0.0
1105887 0.0
1105932 0.0
1106052 0.0
1106103 0.0
1106112 0.0
1106172 0.0
1106236 0.0
1106287 0.0
1106298 0.0
1106330 0.0
1106370 0.0
1106388 0.0
1106401 0.0
1106406 0.0
1106418 0.0
1106492 0.0
1106546 0.0
1106547 0.0
1106568 0.0
1106630 0.0
1106671 0.0
1106764 0.0
1106771 0.0
1106789 0.0
1106849 0.0
1106854 0.0
1106966 0.0
1107010 0.0
1107041 0.0
1107062 0.0
1107067 0.0
1107095 0.0
1107136 0.0
1107140 0.0
1107171 0.0
1107215 0.0
1107312 0.0
1107319 0.0
1107325 0.0
1107355 0.0
1107367 0.0
1107385 0.0
1107418 0.0
1107455 0.0
1107558 0.0
1107567 0.0
1107572 0.0
1107674 0.0
1107728 0.0
1107808 0.0
1107861 0.0
1108050 0.0
1108167 0.0
1108169 0.0
1108175 0.0
1108209 0.0
1108258 0.0
1108267 0.0
1108329 0.0
1108363 0.0
1108389 0.0
1108551 0.0
1108570 0.0
1108597 0.0
1108656 0.0
1108728 0.0
1108834 0.0
1108841 0.0
1109017 0.0
1109185 0.0
1109199 0.0
1109208 0.0
1109392 0.0
1109439 0.0
1109542 0.0
1109566 0.0
1109581 0.0
1109830 0.0
1109873 0.0
1109891 0.0
1109957 0.0
1110000 0.0
1110024 0.0
1110028 0.0
1110209 0.0
1110256 0.0
1110390 0.0
1110426 0.0
1110438 0.0
1110494 0.0
1110515 0.0
1110520 0.0
1110531 0.0
1110546 0.0
1110563 0.0
1110579 0.0
1110628 0.0
1110768 0.0
1110947 0.0
1110950 0.0
1110998 0.0
1111052 0.0
1111186 0.0
1111230 0.0
1111240 0.0
1111265 0.0
1111304 0.0
1111614 0.0
1111733 0.0
1111788 0.0
1111899 0.0
1111978 0.0
1112026 0.0
1112071 0.0
1112075 0.0
1112099 0.0
1112106 0.0
1112194 0.0
1112319 0.0
1112369 0.0
1112417 0.0
1112426 0.0
1112574 0.0
1112650 0.0
1112665 0.0
1112686 0.0
1112723 0.0
1112767 0.0
1112911 0.0
1112929 0.0
1113035 0.0
1113084 0.0
1113182 0.0
1113438 0.0
1113459 0.0
1113534 0.0
1113541 0.0
1113551 0.0
1113614 0.0
1113739 0.0
1113742 0.0
1113828 0.0
1113831 0.0
1113852 0.0
1113926 0.0
1113934 0.0
1113995 0.0
1114118 0.0
1114125 0.0
1114153 0.0
1114184 0.0
1114192 0.0
1114222 0.0
1114239 0.0
1114331 0.0
1114336 0.0
1114352 0.0
1114364 0.0
1114388 0.0
1114398 0.0
1114442 0.0
1114502 0.0
1114512 0.0
1114526 0.0
1114605 0.0
1114629 0.0
1114664 0.0
1114777 0.0
1114838 0.0
1114864 0.0
1114992 0.0
1115166 0.0
1115291 0.0
1115375 0.0
1115456 0.0
1115471 0.0
1115670 0.0
1115677 0.0
1115701 0.0
1115790 0.0
1115886 0.0
1115959 0.0
1116044 0.0
1116146 0.0
1116181 0.0
1116268 0.0
1116328 0.0
1116336 0.0
1116347 0.0
1116397 0.0
1116410 0.0
1116530 0.0
1116569 0.0
1116594 0.0
1116629 0.0
1116835 0.0
1116839 0.0
1116842 0.0
1116922 0.0
1116974 0.0
1117049 0.0
1117089 0.0
1117184 0.0
1117219 0.0
1117249 0.0
1117348 0.0
1117476 0.0
1117501 0.0
1117618 0.0
1117653 0.0
1117760 0.0
1117786 0.0
1117833 0.0
1117920 0.0
1117942 0.0
1118017 0.0
1118083 0.0
1118092 0.0
1118120 0.0
1118209 0.0
1118245 0.0
1118286 0.0
1118302 0.0
1118332 0.0
1118347 0.0
1118388 0.0
1118546 0.0
1118658 0.0
1118764 0.0
1118823 0.0
1118848 0.0
1119004 0.0
1119078 0.0
1119140 0.0
1119178 0.0
1119180 0.0
1119211 0.0
1119216 0.0
1119295 0.0
1119471 0.0
1119505 0.0
1119623 0.0
1119654 0.0
1119671 0.0
1119708 0.0
1119742 0.0
1119751 0.0
1119987 0.0
1120019 0.0
1120020 0.0
1120049 0.0
1120059 0.0
1120084 0.0
1120138 0.0
1120169 0.0
1120170 0.0
1120197 0.0
1120211 0.0
1120252 0.0
1120431 0.0
1120444 0.0
1120563 0.0
1120643 0.0
1120650 0.0
1120713 0.0
1120731 0.0
1120777 0.0
1120786 0.0
1120858 0.0
1120866 0.0
1120880 0.0
1120962 0.0
1121057 0.0
1121063 0.0
1121176 0.0
1121254 0.0
1121313 0.0
1121398 0.0
1121459 0.0
1121537 0.0
1121569 0.0
1121603 0.0
1121659 0.0
1121739 0.0
1121867 0.0
1122304 0.0
1122425 0.0
1122460 0.0
1122574 0.0
1122580 0.0
1122642 0.0
1122704 0.0
1123068 0.0
1123087 0.0
1123093 0.0
1123188 0.0
1123215 0.0
1123239 0.0
1123493 0.0
1123530 0.0
1123553 0.0
1123576 0.0
1123689 0.0
1123756 0.0
1123867 0.0
1123926 0.0
1123991 0.0
1124837 0.0
1124844 0.0
1125082 0.0
1125092 0.0
1125258 0.0
1125386 0.0
1125393 0.0
1125402 0.0
1125467 0.0
1125469 0.0
1125492 0.0
1125597 0.0
1125895 0.0
1125906 0.0
1125909 0.0
1125944 0.0
1125953 0.0
1125992 0.0
1125993 0.0
1126011 0.0
1126012 0.0
1126029 0.0
1126037 0.0
1126044 0.0
1126050 0.0
1126315 0.0
1126350 0.0
1126503 0.0
1127430 0.0
1127530 0.0
1127541 0.0
1127551 0.0
1127558 0.0
1127566 0.0
1127619 0.0
1127657 0.0
1127810 0.0
1127812 0.0
1127851 0.0
1127863 0.0
1127913 0.0
1128151 0.0
1128198 0.0
1128201 0.0
1128204 0.0
1128208 0.0
1128227 0.0
1128256 0.0
1128267 0.0
1128291 0.0
1128314 0.0
1128319 0.0
1128369 0.0
1128407 0.0
1128425 0.0
1128430 0.0
1128437 0.0
1128453 0.0
1128531 0.0
1128536 0.0
1128542 0.0
1128839 0.0
1128846 0.0
1128853 0.0
1128856 0.0
1128868 0.0
1128881 0.0
1128927 0.0
1128935 0.0
1128943 0.0
1128945 0.0
1128946 0.0
1128959 0.0
1128974 0.0
1128975 0.0
1128977 0.0
1128978 0.0
1128982 0.0
1128985 0.0
1128990 0.0
1128997 0.0
1129015 0.0
1129018 0.0
1129021 0.0
1129027 0.0
1129040 0.0
1129096 0.0
1129106 0.0
1129111 0.0
1129208 0.0
1129243 0.0
1129367 0.0
1129368 0.0
1129369 0.0
1129442 0.0
1129443 0.0
1129494 0.0
1129518 0.0
1129570 0.0
1129572 0.0
1129573 0.0
1129608 0.0
1129610 0.0
1129621 0.0
1129629 0.0
1129683 0.0
1129778 0.0
1129798 0.0
1129835 0.0
1129907 0.0
1129994 0.0
1130069 0.0
1130080 0.0
1130243 0.0
1130356 0.0
1130454 0.0
1130539 0.0
1130567 0.0
1130568 0.0
1130586 0.0
1130600 0.0
1130634 0.0
1130637 0.0
1130653 0.0
1130657 0.0
1130676 0.0
1130678 0.0
1130680 0.0
1130780 0.0
1130808 0.0
1130847 0.0
1130856 0.0
1130915 0.0
1130927 0.0
1130929 0.0
1130931 0.0
1130934 0.0
1131116 0.0
1131137 0.0
1131149 0.0
1131150 0.0
1131163 0.0
1131164 0.0
1131165 0.0
1131167 0.0
1131172 0.0
1131180 0.0
1131184 0.0
1131189 0.0
1131192 0.0
1131195 0.0
1131198 0.0
1131223 0.0
1131230 0.0
1131236 0.0
1131257 0.0
1131258 0.0
1131266 0.0
1131267 0.0
1131270 0.0
1131274 0.0
1131277 0.0
1131300 0.0
1131301 0.0
1131305 0.0
1131312 0.0
1131314 0.0
1131330 0.0
1131334 0.0
1131335 0.0
1131345 0.0
1131348 0.0
1131359 0.0
1131360 0.0
1131374 0.0
1131414 0.0
1131420 0.0
1131421 0.0
1131464 0.0
1131466 0.0
1131471 0.0
1131549 0.0
1131550 0.0
1131557 0.0
1131565 0.0
1131607 0.0
1131611 0.0
1131634 0.0
1131639 0.0
1131647 0.0
1131719 0.0
1131728 0.0
1131734 0.0
1131741 0.0
1131745 0.0
1131748 0.0
1131752 0.0
1131754 0.0
1131828 0.0
1132073 0.0
1132083 0.0
1132157 0.0
1132285 0.0
1132385 0.0
1132406 0.0
1132416 0.0
1132418 0.0
1132434 0.0
1132443 0.0
1132459 0.0
1132461 0.0
1132486 0.0
1132505 0.0
1132706 0.0
1132731 0.0
1132809 0.0
1132815 0.0
1132857 0.0
1132864 0.0
1132887 0.0
1132922 0.0
1132948 0.0
1132968 0.0
1133004 0.0
1133008 0.0
1133010 0.0
1133028 0.0
1133047 0.0
1133196 0.0
1133338 0.0
1133390 0.0
1133417 0.0
1133428 0.0
1133469 0.0
1133846 0.0
1133930 0.0
1134022 0.0
1134031 0.0
1134056 0.0
1134197 0.0
1134320 0.0
1134346 0.0
1134348 0.0
1134865 0.0
1135082 0.0
1135108 0.0
1135115 0.0
1135122 0.0
1135125 0.0
1135137 0.0
1135345 0.0
1135358 0.0
1135368 0.0
1135455 0.0
1135589 0.0
1135746 0.0
1135750 0.0
1135894 0.0
1135899 0.0
1135955 0.0
1136040 0.0
1136110 0.0
1136310 0.0
1136342 0.0
1136393 0.0
1136397 0.0
1136422 0.0
1136442 0.0
1136446 0.0
1136447 0.0
1136449 0.0
1136631 0.0
1136634 0.0
1136791 0.0
1136814 0.0
1137140 0.0
1137466 0.0
1138027 0.0
1138043 0.0
1138091 0.0
1138619 0.0
1138755 0.0
1138968 0.0
1138970 0.0
1139009 0.0
1139195 0.0
1139928 0.0
1140040 0.0
1140230 0.0
1140231 0.0
1140289 0.0
1140543 0.0
1140547 0.0
1140548 0.0
1152075 0.0
1152143 0.0
1152150 0.0
1152162 0.0
1152179 0.0
1152194 0.0
1152244 0.0
1152259 0.0
1152272 0.0
1152277 0.0
1152290 0.0
1152307 0.0
1152308 0.0
1152358 0.0
1152379 0.0
1152394 0.0
1152421 0.0
1152436 0.0
1152448 0.0
1152490 0.0
1152508 0.0
1152564 0.0
1152569 0.0
1152633 0.0
1152663 0.0
1152673 0.0
1152676 0.0
1152711 0.0
1152714 0.0
1152740 0.0
1152761 0.0
1152821 0.0
1152858 0.0
1152859 0.0
1152896 0.0
1152904 0.0
1152910 0.0
1152917 0.0
1152944 0.0
1152958 0.0
1152959 0.0
1152975 0.0
1152991 0.0
1153003 0.0
1153014 0.0
1153024 0.0
1153031 0.0
1153056 0.0
1153064 0.0
1153065 0.0
1153091 0.0
1153097 0.0
1153101 0.0
1153106 0.0
1153148 0.0
1153150 0.0
1153160 0.0
1153166 0.0
1153169 0.0
1153183 0.0
1153195 0.0
1153254 0.0
1153262 0.0
1153264 0.0
1153275 0.0
1153280 0.0
1153287 0.0
1153577 0.0
1153703 0.0
1153724 0.0
1153728 0.0
1153736 0.0
1153784 0.0
1153786 0.0
1153811 0.0
1153816 0.0
1153853 0.0
1153860 0.0
1153861 0.0
1153866 0.0
1153877 0.0
1153879 0.0
1153889 0.0
1153891 0.0
1153896 0.0
1153897 0.0
1153899 0.0
1153900 0.0
1153922 0.0
1153933 0.0
1153942 0.0
1153943 0.0
1153945 0.0
1153946 0.0
1154012 0.0
1154042 0.0
1154068 0.0
1154071 0.0
1154074 0.0
1154076 0.0
1154103 0.0
1154123 0.0
1154124 0.0
1154169 0.0
1154173 0.0
1154176 0.0
1154229 0.0
1154230 0.0
1154232 0.0
1154233 0.0
1154251 0.0
1154276 0.0
1154459 0.0
1154500 0.0
1154520 0.0
1154524 0.0
1154525 0.0
1155073 0.0
