35 180.46666666666667
40 93.34482758620689
114 0
117 0
128 57.59574468085106
130 28.79787234042553
164 62.95348837209303
288 300.77777777777777
424 338.375
434 17.46451612903226
463 0
504 0
506 1353.5
887 142.47368421052633
906 0
910 135.35
936 0
940 2707.0
941 0
943 451.1666666666667
1026 0
1033 66.02439024390245
1034 42.96825396825397
1035 53.07843137254902
1213 2707.0
1237 0
1246 0
1272 17.927152317880793
1365 0
1385 17.352564102564102
1481 0
1688 100.25925925925925
1694 64.45238095238095
1717 12.417431192660551
1786 9.737410071942445
1817 47.49122807017544
1919 7.276881720430108
1949 84.59375
1951 0
1952 386.7142857142857
1953 0
1955 0
1956 69.41025641025641
1959 0
1997 7.498614958448753
1999 0
2354 1353.5
2440 49.21818181818182
2653 0
2654 0
2658 90.23333333333333
2663 2707.0
2665 225.58333333333334
2695 676.75
2696 2707.0
2698 451.1666666666667
2702 0
3084 90.23333333333333
3085 541.4
3095 386.7142857142857
3097 902.3333333333334
3101 66.02439024390245
3112 169.1875
3187 150.38888888888889
3191 270.7
3192 208.23076923076923
3217 0
3218 0
3220 9.772563176895307
3222 0
3223 0
3229 24.60909090909091
3231 7.142480211081794
3232 0
3233 8.4858934169279
3235 0
3236 0
3237 6.042410714285714
3240 9.083892617449665
3243 0
3828 338.375
3932 1353.5
4274 0
4329 10.699604743083004
4330 12.829383886255924
4335 0
4553 0
4584 0
4637 2707.0
4649 0
4660 9.772563176895307
4804 159.23529411764707
4878 2707.0
4983 0
5038 7.436813186813187
5055 0
5062 338.375
5064 100.25925925925925
5069 104.11538461538461
5075 541.4
5086 225.58333333333334
5194 0
5348 2707.0
5454 0
5462 90.23333333333333
5600 451.1666666666667
5869 104.11538461538461
5959 49.21818181818182
5966 0
6125 108.28
6130 16.81366459627329
6151 84.59375
6152 55.244897959183675
6155 56.395833333333336
6163 42.296875
6169 41.646153846153844
6170 1353.5
6184 49.21818181818182
6196 44.377049180327866
6209 0
6210 55.244897959183675
6213 84.59375
6214 60.15555555555556
6215 71.23684210526316
6216 0
6217 51.075471698113205
6220 47.49122807017544
6224 45.11666666666667
6238 0
6311 10.411538461538461
6318 0
6334 7.961764705882353
6343 0
6344 0
6346 0
6378 41.646153846153844
6385 0
6539 10.492248062015504
6639 10.699604743083004
6741 0
6767 9.737410071942445
6771 9.843636363636364
6775 2707.0
6782 0
6784 0
6786 0
6814 0
6818 10.915322580645162
6898 902.3333333333334
6910 14.475935828877006
6913 16.50609756097561
6917 14.792349726775956
6923 14.553763440860216
6925 8.459375
6935 7.582633053221288
6939 10.063197026022305
6941 11.668103448275861
7022 18.79861111111111
7032 6.554479418886198
7041 0
7047 0
7272 0
7276 13.467661691542288
7296 0
7297 16.01775147928994
7419 30.07777777777778
7430 676.75
7432 23.95575221238938
7532 1353.5
7537 902.3333333333334
7867 2707.0
8079 4.101515151515152
8213 902.3333333333334
8224 12.360730593607306
8581 676.75
8591 2707.0
8594 0
8617 0
8619 0
8687 2707.0
8696 0
8699 8.875409836065574
8703 14.71195652173913
8766 902.3333333333334
8821 5.9104803493449785
8832 8.53943217665615
8865 112.79166666666667
8872 0
8874 0
8875 45.88135593220339
8961 0
9513 82.03030303030303
9515 1353.5
9559 0
9581 902.3333333333334
9586 69.41025641025641
9708 2707.0
9716 0
10169 902.3333333333334
10174 0
10177 2707.0
10183 2707.0
10186 386.7142857142857
10430 902.3333333333334
10435 10.699604743083004
10531 2707.0
10793 2707.0
10796 75.19444444444444
10798 0
10981 35.61842105263158
11093 10.699604743083004
11148 0
11325 9.465034965034965
11326 2707.0
11335 0
11337 0
11339 2707.0
11342 9.565371024734983
12155 60.15555555555556
12158 53.07843137254902
12165 69.41025641025641
12169 0
12182 100.25925925925925
12194 0
12195 150.38888888888889
12197 1353.5
12198 69.41025641025641
12199 46.672413793103445
12210 150.38888888888889
12211 67.675
12238 0
12247 34.265822784810126
12275 2707.0
12330 2707.0
12337 0
12347 2707.0
12350 123.04545454545455
12359 1353.5
12439 8.78896103896104
12558 79.61764705882354
12576 73.16216216216216
12631 541.4
12638 451.1666666666667
12946 9.498245614035088
12960 300.77777777777777
13024 451.1666666666667
13136 84.59375
13193 54.14
13195 0
13205 0
13208 1353.5
13212 0
13213 0
13269 9.20748299319728
13652 2707.0
13654 1353.5
13656 902.3333333333334
13658 0
13686 22.747899159663866
13717 13.077294685990339
13885 15.207865168539326
13917 12.649532710280374
13960 28.49473684210526
13966 0
13972 0
13982 2707.0
14062 0
14083 2707.0
14090 0
14428 0
14429 902.3333333333334
14430 0
14431 676.75
14529 0
14531 0
14545 2707.0
14549 541.4
14807 1353.5
15076 1353.5
15429 2707.0
15431 0
15670 112.79166666666667
15889 270.7
15892 169.1875
15984 0
15987 0
16008 0
16437 0
16451 66.02439024390245
16461 18.66896551724138
16470 1353.5
16471 386.7142857142857
16474 676.75
16476 0
16485 0
16819 193.35714285714286
16843 87.3225806451613
17201 0
17208 48.339285714285715
17242 87.3225806451613
17363 0
17476 9.772563176895307
17477 79.61764705882354
17488 0
17798 386.7142857142857
17811 0
17821 0
18251 29.42391304347826
18313 0
18532 902.3333333333334
18536 0
18582 34.705128205128204
18615 11.279166666666667
18619 541.4
18770 0
18773 0
18774 8.253048780487806
18777 0
18781 0
18785 2707.0
18811 0
18812 0
18815 0
18832 0
18833 25.537735849056602
18834 34.705128205128204
19045 71.23684210526316
19231 0
19621 902.3333333333334
19697 2707.0
20178 29.747252747252748
20179 0
20180 1353.5
20193 2707.0
20526 49.21818181818182
20528 15.12290502793296
20534 35.61842105263158
20584 0
20592 1353.5
20593 13.95360824742268
20601 82.03030303030303
20602 82.03030303030303
20821 0
20833 1353.5
20850 6.9948320413436695
20857 11.769565217391305
20920 902.3333333333334
20923 0
20924 180.46666666666667
20942 51.075471698113205
20972 20.507575757575758
22229 108.28
22241 75.19444444444444
22386 0
22431 11.87280701754386
22563 11.373949579831933
22564 10.100746268656716
22566 10.699604743083004
22835 2707.0
22869 26.281553398058254
22874 26.028846153846153
22875 0
22876 8.4858934169279
22883 11.004065040650406
22886 0
23069 902.3333333333334
23070 128.9047619047619
23116 676.75
23258 39.231884057971016
23448 9.879562043795621
23502 17.80921052631579
23507 16.113095238095237
23545 11.769565217391305
23546 39.231884057971016
23738 11.004065040650406
23774 30.415730337078653
24043 0
24476 0
24530 0
24966 0
24974 0
25181 18.66896551724138
25184 8.00887573964497
25413 541.4
25702 541.4
25772 676.75
25791 0
25794 2707.0
25805 75.19444444444444
26850 2707.0
27174 18.541095890410958
27199 902.3333333333334
27203 0
27230 14.553763440860216
27241 0
27243 0
27246 0
27249 4.707826086956522
27250 4.016320474777448
27510 108.28
27514 79.61764705882354
27530 0
27531 1353.5
27535 13.014423076923077
27543 0
27606 902.3333333333334
27612 82.03030303030303
27623 0
27627 2707.0
27631 22.188524590163933
27632 676.75
27895 0
28026 82.03030303030303
28202 37.082191780821915
28227 56.395833333333336
28230 0
28249 0
28254 5.94945054945055
28265 1353.5
28267 0
28278 34.265822784810126
28287 41.646153846153844
28290 58.84782608695652
28336 10.100746268656716
28350 57.59574468085106
28359 17.80921052631579
28385 0
28387 33.8375
28389 0
28412 0
28447 42.296875
28456 8.056547619047619
28471 50.129629629629626
28473 32.226190476190474
28485 56.395833333333336
28487 0
28489 0
28491 0
28504 0
28542 0
28632 69.41025641025641
28640 69.41025641025641
28641 67.675
28649 0
28674 2707.0
28851 112.79166666666667
28957 0
28964 1353.5
29492 0
29708 2707.0
29723 11.568376068376068
29738 0
30817 0
30895 18.41496598639456
30901 4.84257602862254
30934 2707.0
30973 338.375
31043 9.023333333333333
31055 0
31083 0
31097 52.05769230769231
31105 0
31336 1353.5
31349 676.75
31353 2707.0
31479 0
31483 0
31489 2707.0
31769 19.335714285714285
31863 8.73225806451613
31927 541.4
31932 225.58333333333334
32083 0
32260 6.801507537688442
32276 0
32688 10.699604743083004
32698 270.7
32872 35.15584415584416
33013 8.12912912912913
33231 0
33301 0
33303 49.21818181818182
33325 0
33412 18.79861111111111
33818 58.84782608695652
33823 0
33895 902.3333333333334
33904 82.03030303030303
33907 100.25925925925925
34082 541.4
34257 300.77777777777777
34263 128.9047619047619
34266 135.35
34315 2707.0
34355 87.3225806451613
34708 15.12290502793296
34961 11.048979591836735
34979 2707.0
35061 180.46666666666667
35070 1353.5
35335 2707.0
35343 17.80921052631579
35490 90.23333333333333
35778 8.227963525835866
35797 4.7325174825174825
35852 0
35854 676.75
35863 22.940677966101696
35905 10.615686274509804
35922 12.360730593607306
36131 0
36140 9.843636363636364
36145 1353.5
36162 0
36167 169.1875
36620 8.354938271604938
36802 2707.0
37483 64.45238095238095
37541 1353.5
37879 0
37884 4.921818181818182
37888 451.1666666666667
37998 10.65748031496063
38000 7.257372654155496
38205 128.9047619047619
38480 54.14
38537 0
38722 135.35
38771 0
38829 30.761363636363637
38839 108.28
38845 676.75
38846 1353.5
39124 3.6189839572192515
39126 5.771855010660981
39127 0
39130 9.053511705685619
39131 7.756446991404012
39165 96.67857142857143
39199 5.747346072186836
39210 4.749122807017544
39403 26.801980198019802
39474 67.675
39890 2707.0
39904 1353.5
40124 270.7
40125 54.14
40131 169.1875
40135 0
40151 541.4
40583 270.7
40605 541.4
40886 0
40922 8.53943217665615
41216 902.3333333333334
41417 9.270547945205479
41666 225.58333333333334
41714 108.28
41732 2707.0
42156 0
42207 42.296875
42209 2707.0
42221 0
42847 11.618025751072961
42848 0
43165 0
43186 0
43639 135.35
43698 1353.5
44017 902.3333333333334
44121 0
44368 87.3225806451613
44455 79.61764705882354
44514 0
45052 0
45061 902.3333333333334
45188 73.16216216216216
45189 96.67857142857143
45212 1353.5
45533 0
45599 100.25925925925925
45603 0
45605 77.34285714285714
46079 112.79166666666667
46431 8.817589576547231
46452 0
46468 10.615686274509804
46470 0
46476 2707.0
46491 0
46500 8.621019108280255
46501 0
46536 52.05769230769231
46547 2707.0
46887 0
47570 902.3333333333334
47682 0
47683 2707.0
47684 169.1875
47839 0
48066 2707.0
48075 386.7142857142857
48550 16.406060606060606
48555 541.4
48764 0
48766 128.9047619047619
48768 0
48781 2707.0
49482 19.759124087591243
49660 6.208715596330276
49720 2707.0
49753 2707.0
49811 7.355978260869565
49843 11.373949579831933
49844 11.185950413223141
49847 11.232365145228215
49895 2707.0
50336 11.232365145228215
50337 11.185950413223141
50354 2707.0
50381 8.817589576547231
50807 0
50838 0
50980 2707.0
51045 902.3333333333334
51049 0
51052 0
51180 142.47368421052633
51831 2707.0
51834 12.360730593607306
51866 12.829383886255924
51879 0
51909 12.417431192660551
51934 0
52000 902.3333333333334
52003 2707.0
52007 451.1666666666667
52515 18.66896551724138
52784 62.95348837209303
52835 14.172774869109947
52847 5.809012875536481
53942 0
54129 112.79166666666667
54131 82.03030303030303
54132 0
54550 902.3333333333334
54844 2707.0
55403 10.451737451737452
55770 0
55801 8.032640949554896
55968 20.05185185185185
56112 54.14
56115 41.015151515151516
56119 62.95348837209303
56167 193.35714285714286
56708 0
56709 45.88135593220339
57119 0
57764 8.5125786163522
57773 676.75
57922 6.733830845771144
57932 0
57948 6.923273657289003
58268 2707.0
58436 0
58453 0
58454 2707.0
58540 51.075471698113205
58552 82.03030303030303
58758 2707.0
59045 1353.5
59244 12.084821428571429
59626 0
59715 73.16216216216216
59772 2707.0
59798 0
60159 3.5997340425531914
60169 4.070676691729323
60170 4.120243531202435
60560 2707.0
60682 2707.0
61069 75.19444444444444
61073 0
61312 0
61417 2707.0
62274 7.646892655367232
62329 79.61764705882354
62333 15.830409356725147
62347 19.904411764705884
62389 10.492248062015504
62417 2707.0
62607 0
62634 66.02439024390245
62676 0
62718 51.075471698113205
63477 6.280742459396752
63486 8.760517799352751
63549 1353.5
63812 0
63832 48.339285714285715
63835 62.95348837209303
63915 9.807971014492754
63931 48.339285714285715
64271 35.15584415584416
64319 0
64484 2707.0
64519 90.23333333333333
65057 246.0909090909091
65074 451.1666666666667
65212 2707.0
65650 7.4779005524861875
65653 14.24736842105263
66556 104.11538461538461
66563 71.23684210526316
66564 0
66594 6.750623441396509
66596 0
66751 0
66782 2707.0
66794 676.75
66805 90.23333333333333
66809 0
66982 4.816725978647687
66986 4.046337817638266
66990 6.2517321016166285
67245 15.468571428571428
67246 15.557471264367816
67292 84.59375
67415 150.38888888888889
67584 0
67633 2707.0
68115 0
68224 0
68463 6.923273657289003
68495 87.3225806451613
68505 108.28
69198 2707.0
69284 42.96825396825397
69296 33.8375
69392 10.615686274509804
69397 9.33448275862069
69418 10.65748031496063
70281 0
70441 14.398936170212766
70442 26.028846153846153
70444 0
70520 0
70970 87.3225806451613
71336 0
71736 0
71904 0
72056 2707.0
72101 18.41496598639456
72406 0
72805 0
72908 39.231884057971016
73119 902.3333333333334
73146 9.399305555555555
73162 0
73323 0
73327 26.028846153846153
73712 0
73972 2707.0
74427 541.4
74698 104.11538461538461
74700 541.4
74749 1353.5
74821 0
74920 2707.0
74921 2707.0
74937 0
74975 0
75121 14.24736842105263
75318 2707.0
75674 1353.5
75691 300.77777777777777
75693 0
75694 0
75695 246.0909090909091
75969 2707.0
75972 7.778735632183908
75983 0
77108 0
77112 2707.0
77438 386.7142857142857
77515 112.79166666666667
77758 2707.0
77826 208.23076923076923
77829 128.9047619047619
78508 0
78511 84.59375
78549 45.11666666666667
78552 45.88135593220339
78555 0
78557 47.49122807017544
78994 451.1666666666667
79809 8.704180064308682
79817 7.436813186813187
80491 0
80515 676.75
80656 0
81350 24.60909090909091
81714 142.47368421052633
81722 100.25925925925925
82087 18.41496598639456
82090 61.52272727272727
82098 23.74561403508772
82664 2707.0
82666 0
82920 0
83449 36.093333333333334
83461 7.199468085106383
83725 55.244897959183675
83746 676.75
83826 19.759124087591243
83847 0
84020 9.498245614035088
84021 87.3225806451613
84459 12.532407407407407
84695 2707.0
85299 2707.0
85324 0
85352 112.79166666666667
85449 676.75
85452 13.741116751269036
85688 14.632432432432433
86258 0
86359 87.3225806451613
86840 150.38888888888889
86923 1353.5
87363 48.339285714285715
87417 541.4
87482 150.38888888888889
87915 96.67857142857143
88356 5.022263450834879
89308 2707.0
89335 12.139013452914797
89416 1353.5
89547 902.3333333333334
90470 2707.0
90655 123.04545454545455
90888 18.66896551724138
91038 0
91581 10.063197026022305
91852 33.01219512195122
91853 26.281553398058254
91975 45.88135593220339
92065 19.19858156028369
92589 0
93273 0
93318 0
93320 16.209580838323355
93555 2707.0
93755 0
93923 13.467661691542288
94229 9.772563176895307
94416 902.3333333333334
94639 0
94641 96.67857142857143
94713 7.237967914438503
94953 84.59375
95188 31.847058823529412
95198 0
95225 47.49122807017544
95435 35.15584415584416
95579 41.015151515151516
95586 40.40298507462686
95588 0
95589 33.8375
95594 0
95597 0
95642 0
95718 451.1666666666667
95719 193.35714285714286
96335 18.29054054054054
96845 7.336043360433604
96847 27.90721649484536
96851 0
97377 10.492248062015504
97390 2707.0
97645 112.79166666666667
97892 18.16778523489933
98693 1353.5
98698 77.34285714285714
99023 90.23333333333333
99025 71.23684210526316
99030 90.23333333333333
100197 18.79861111111111
100701 0
100935 902.3333333333334
100961 4.120243531202435
101143 45.88135593220339
101145 12.03111111111111
101261 0
101263 1353.5
101660 6.618581907090465
101662 8.253048780487806
101811 8.53943217665615
102061 0
102406 12.474654377880185
102879 62.95348837209303
102884 100.25925925925925
102938 902.3333333333334
102939 0
103430 2707.0
103482 112.79166666666667
103515 108.28
103528 902.3333333333334
103529 93.34482758620689
103531 46.672413793103445
103537 1353.5
103543 22.371900826446282
104840 12.474654377880185
105057 3.6141522029372495
105856 9.952205882352942
105865 169.1875
105899 5.490872210953347
106590 246.0909090909091
107177 2707.0
107251 9.599290780141844
107252 9.53169014084507
107569 902.3333333333334
108047 12.084821428571429
108962 7.218666666666667
108963 6.4606205250596656
108974 0
108983 7.276881720430108
109323 135.35
110041 0
110162 52.05769230769231
110163 57.59574468085106
110164 49.21818181818182
111676 0
111770 0
111866 270.7
112099 0
112378 16.113095238095237
112787 117.69565217391305
112813 902.3333333333334
114189 338.375
114308 90.23333333333333
114966 0
115188 0
116021 902.3333333333334
116081 2707.0
116084 8.993355481727574
116087 7.734285714285714
116512 0
116528 0
116545 0
116552 117.69565217391305
116553 60.15555555555556
116790 8.153614457831326
117315 58.84782608695652
117316 77.34285714285714
117328 0
118079 112.79166666666667
118259 2707.0
118260 541.4
118424 0
118435 0
118436 8.648562300319488
118558 2707.0
118559 18.79861111111111
118682 87.3225806451613
118873 0
119686 451.1666666666667
119712 0
119761 123.04545454545455
119956 9.176271186440678
120013 10.492248062015504
120039 7.846376811594203
120084 676.75
120817 0
121792 0
123556 2707.0
123825 11.470338983050848
124064 54.14
124224 541.4
124296 15.12290502793296
124734 62.95348837209303
124828 2707.0
124952 0
126128 2707.0
126793 123.04545454545455
126867 2707.0
126868 0
126909 2707.0
126912 18.66896551724138
126920 20.20149253731343
126926 0
126927 26.028846153846153
127033 48.339285714285715
127940 676.75
128202 902.3333333333334
128203 2707.0
128383 8.12912912912913
128540 36.58108108108108
129042 58.84782608695652
129045 51.075471698113205
129287 902.3333333333334
129558 1353.5
129896 208.23076923076923
129897 3.6531713900134952
131042 79.61764705882354
131117 1353.5
131122 0
131315 9.667857142857143
131317 0
131318 386.7142857142857
132806 108.28
132821 0
133550 18.66896551724138
133553 451.1666666666667
133563 12.89047619047619
133566 11.718614718614718
133567 0
133615 10.492248062015504
133628 0
134060 17.57792207792208
134128 44.377049180327866
134199 0
134219 0
134307 108.28
134314 0
134315 0
134316 87.3225806451613
134320 0
135130 58.84782608695652
135464 0
135765 1353.5
135766 2707.0
135798 0
136665 2707.0
136766 36.093333333333334
136767 0
136768 37.082191780821915
137130 541.4
137359 0
137380 2707.0
137790 0
137849 128.9047619047619
137868 2707.0
137873 4.095310136157337
137956 676.75
139547 159.23529411764707
139738 0
139865 1353.5
140005 0
140569 15.03888888888889
141160 902.3333333333334
141171 300.77777777777777
141324 56.395833333333336
141342 135.35
141347 108.28
141596 0
141868 12.649532710280374
142268 69.41025641025641
143323 0
143476 0
143676 902.3333333333334
143801 93.34482758620689
144212 56.395833333333336
144330 10.025925925925925
144408 117.69565217391305
144679 14.025906735751295
144701 108.28
145134 2707.0
145176 2707.0
145215 13.140776699029127
145315 0
145384 0
147870 300.77777777777777
148170 112.79166666666667
148341 2707.0
148399 26.281553398058254
149139 0
149669 42.296875
151430 8.5125786163522
151708 10.699604743083004
152219 541.4
152226 24.169642857142858
152227 84.59375
152483 67.675
152731 13.140776699029127
153063 902.3333333333334
153598 57.59574468085106
154023 2707.0
154047 2707.0
154134 53.07843137254902
154982 3.5806878306878307
155158 0
155277 2707.0
155736 69.41025641025641
155738 54.14
156794 0
156977 902.3333333333334
157401 18.66896551724138
157761 35.61842105263158
157805 12.193693693693694
158098 902.3333333333334
158172 193.35714285714286
158614 541.4
158812 0
159084 0
159085 1353.5
159897 6.39952718676123
160705 93.34482758620689
160732 0
161221 75.19444444444444
162075 902.3333333333334
162080 1353.5
162664 169.1875
163235 0
164885 676.75
166420 0
166825 0
166989 0
167205 902.3333333333334
167656 541.4
167670 7.56145251396648
168332 0
168410 8.253048780487806
168958 676.75
169279 11.92511013215859
169280 0
170338 8.153614457831326
170798 87.3225806451613
171225 12.193693693693694
171954 93.34482758620689
173863 2707.0
173884 12.649532710280374
174418 1353.5
174425 0
175256 0
175291 96.67857142857143
175548 0
175576 676.75
175909 169.1875
177115 0
177993 2707.0
177998 0
178209 9.053511705685619
178718 0
178727 112.79166666666667
179180 0
179702 0
179706 0
180187 2707.0
180301 0
180373 18.046666666666667
180399 7.296495956873315
181782 35.61842105263158
182093 0
182094 47.49122807017544
184157 35.61842105263158
184918 14.955801104972375
187260 0
187354 11.718614718614718
188318 4.611584327086883
188471 43.66129032258065
189566 0
189571 112.79166666666667
189572 87.3225806451613
189574 9.498245614035088
189577 18.41496598639456
189620 7.316216216216216
189623 0
189655 0
189708 2707.0
189721 2707.0
189774 104.11538461538461
189856 1353.5
190697 61.52272727272727
190698 0
190706 66.02439024390245
191216 2707.0
191222 0
191404 2707.0
192734 11.769565217391305
192850 3.417929292929293
192870 193.35714285714286
193347 676.75
193352 2707.0
193354 386.7142857142857
193742 60.15555555555556
193918 0
193931 9.176271186440678
193932 7.540389972144847
194223 9.988929889298893
194609 0
194617 225.58333333333334
194645 32.226190476190474
195150 7.778735632183908
195361 58.84782608695652
195792 58.84782608695652
197054 43.66129032258065
197452 1353.5
197783 338.375
198443 77.34285714285714
198653 150.38888888888889
198866 0
199571 0
200480 6.888040712468193
200630 2707.0
202520 0
202522 0
202639 270.7
203646 2707.0
205192 128.9047619047619
205196 58.84782608695652
206259 902.3333333333334
206371 33.41975308641975
206524 451.1666666666667
207395 169.1875
208345 9.053511705685619
210309 902.3333333333334
210871 246.0909090909091
210872 0
211432 8.032640949554896
211875 14.553763440860216
211906 2707.0
212097 0
212107 0
212777 37.082191780821915
212930 338.375
213246 0
213279 902.3333333333334
214472 902.3333333333334
215912 169.1875
216877 0
216878 0
217115 676.75
217139 1353.5
217852 14.172774869109947
217984 15.647398843930636
218410 58.84782608695652
218666 193.35714285714286
218682 27.343434343434343
219218 0
219239 36.58108108108108
219446 79.61764705882354
219976 0
220420 0
221302 225.58333333333334
226698 0
227178 60.15555555555556
227286 13.334975369458128
228990 0
228992 2707.0
229635 57.59574468085106
230300 541.4
230879 0
230884 77.34285714285714
231198 902.3333333333334
231249 112.79166666666667
232605 1353.5
232606 0
232860 0
233106 0
235670 676.75
235678 1353.5
235679 1353.5
235683 0
235776 9.432055749128919
236759 75.19444444444444
237376 451.1666666666667
237489 169.1875
237521 2707.0
238099 6.602439024390244
238401 0
239800 676.75
239810 123.04545454545455
239829 2707.0
240321 0
240791 84.59375
241133 55.244897959183675
241821 1353.5
242637 67.675
242663 676.75
243274 338.375
243483 51.075471698113205
245288 0
245955 2707.0
246618 58.84782608695652
248119 386.7142857142857
248395 60.15555555555556
248425 93.34482758620689
248431 0
248823 25.78095238095238
249421 38.12676056338028
249858 300.77777777777777
250566 0
251756 60.15555555555556
252715 2707.0
252725 2707.0
253762 0
253971 2707.0
254923 15.293785310734464
255233 51.075471698113205
255628 0
256106 338.375
258259 0
259126 6.324766355140187
259701 112.79166666666667
259702 104.11538461538461
259772 902.3333333333334
260121 0
260979 541.4
261040 0
262108 0
262121 0
262178 0
263069 0
263279 10.8714859437751
263482 0
263486 46.672413793103445
263498 150.38888888888889
263553 11.97787610619469
264347 541.4
264556 0
265203 100.25925925925925
267003 13.811224489795919
267824 0
270085 2707.0
270456 0
270600 0
272345 57.59574468085106
272720 3.2226190476190477
273152 193.35714285714286
273949 7.915204678362573
277263 902.3333333333334
278394 0
278403 0
280876 84.59375
282700 61.52272727272727
284023 451.1666666666667
284025 96.67857142857143
284414 14.24736842105263
285675 6.554479418886198
285687 0
286500 104.11538461538461
286513 0
286562 902.3333333333334
287787 108.28
288107 0
289085 8.153614457831326
289088 902.3333333333334
289779 79.61764705882354
289780 75.19444444444444
289781 79.61764705882354
289885 180.46666666666667
289945 0
292277 0
293271 58.84782608695652
293285 45.88135593220339
293974 8.817589576547231
294030 246.0909090909091
294126 2707.0
294145 2707.0
294239 300.77777777777777
299195 66.02439024390245
299197 9.270547945205479
300071 4.651202749140894
300806 14.955801104972375
302545 0
307015 117.69565217391305
307336 451.1666666666667
307656 0
308003 9.737410071942445
308232 12.768867924528301
308529 39.80882352941177
308920 150.38888888888889
309476 6.445238095238095
310530 150.38888888888889
310653 6.384433962264151
310742 159.23529411764707
312409 2707.0
314459 676.75
315266 93.34482758620689
315789 902.3333333333334
318071 0
318187 0
321004 0
321861 67.675
323128 6.634803921568627
325314 0
325497 27.07
328370 3.951824817518248
330148 12.532407407407407
330208 0
334153 84.59375
335042 2707.0
335733 108.28
337766 0
340075 14.71195652173913
340078 7.778735632183908
340299 1353.5
341188 24.60909090909091
342802 676.75
345340 9.053511705685619
346243 8.406832298136646
346292 386.7142857142857
348305 0
348437 29.42391304347826
350319 1353.5
350362 52.05769230769231
350373 8.621019108280255
353541 17.24203821656051
354004 135.35
358866 7.498614958448753
358884 2707.0
358887 0
358894 8.2782874617737
359067 112.79166666666667
360028 0
362926 2707.0
365294 2707.0
367312 1353.5
368431 4.580372250423012
368605 270.7
368657 2707.0
370366 0
372862 9.879562043795621
375605 0
375825 2707.0
376704 0
377303 45.88135593220339
379288 0
380341 0
384428 0
385067 66.02439024390245
385251 54.14
385572 6.733830845771144
387795 36.58108108108108
389715 9.633451957295375
390693 0
390889 5.686974789915967
390894 10.53307392996109
390896 11.094262295081966
390922 11.373949579831933
395075 38.67142857142857
395540 75.19444444444444
395547 8.875409836065574
395553 10.57421875
395725 270.7
396412 12.360730593607306
397488 902.3333333333334
397590 2707.0
399173 2707.0
399339 44.377049180327866
399370 4.082956259426847
400356 902.3333333333334
400455 2707.0
400473 2707.0
408885 0
409255 451.1666666666667
409725 676.75
411005 8.406832298136646
411092 9.702508960573477
415693 66.02439024390245
416455 37.59722222222222
416867 0
416964 0
417017 13.811224489795919
421481 0
423463 193.35714285714286
423816 2707.0
424540 1353.5
427606 112.79166666666667
428610 12.474654377880185
429781 8.203030303030303
429805 10.959514170040485
430329 2707.0
430574 0
430711 0
431206 6.280742459396752
436796 90.23333333333333
440815 100.25925925925925
444191 18.66896551724138
444240 11.568376068376068
445938 128.9047619047619
446271 14.792349726775956
446610 0
447224 902.3333333333334
447250 15.12290502793296
449841 11.97787610619469
458439 0
459206 0
459213 55.244897959183675
459214 44.377049180327866
459216 75.19444444444444
463825 7.778735632183908
466170 0
467383 0
469504 82.03030303030303
470511 159.23529411764707
481073 14.172774869109947
486840 108.28
502574 12.248868778280542
503871 73.16216216216216
503877 40.40298507462686
503883 100.25925925925925
503893 108.28
509233 58.84782608695652
509315 61.52272727272727
509379 6.667487684729064
510715 2707.0
510718 11.820960698689957
513189 112.79166666666667
519318 7.276881720430108
519353 45.11666666666667
520471 14.24736842105263
521183 0
521207 66.02439024390245
521251 7.355978260869565
521252 7.915204678362573
521269 45.88135593220339
521855 87.3225806451613
522338 0
523010 0
523394 451.1666666666667
523574 0
529165 0
531348 100.25925925925925
531351 100.25925925925925
545647 38.12676056338028
552469 13.741116751269036
559804 208.23076923076923
560936 14.025906735751295
561238 108.28
561364 193.35714285714286
561568 676.75
561581 169.1875
561582 123.04545454545455
561593 386.7142857142857
561595 300.77777777777777
561610 338.375
561611 0
561613 541.4
561674 2707.0
561789 0
561809 0
562067 676.75
562123 11.668103448275861
562940 0
563613 2707.0
566488 902.3333333333334
566653 902.3333333333334
566664 676.75
567005 29.747252747252748
567018 33.01219512195122
568045 8.904605263157896
568857 128.9047619047619
573535 1353.5
573553 0
573964 108.28
573978 96.67857142857143
574009 112.79166666666667
574264 112.79166666666667
574462 108.28
574710 43.66129032258065
575077 150.38888888888889
575292 112.79166666666667
575331 93.34482758620689
575402 53.07843137254902
575795 49.21818181818182
576257 66.02439024390245
576362 0
576691 79.61764705882354
576725 90.23333333333333
576795 77.34285714285714
576973 2707.0
577086 79.61764705882354
577227 112.79166666666667
577331 64.45238095238095
578306 71.23684210526316
578309 69.41025641025641
578337 117.69565217391305
578347 71.23684210526316
578365 0
578645 9.565371024734983
578646 9.772563176895307
578649 9.633451957295375
578650 0
578669 79.61764705882354
578780 64.45238095238095
578845 2707.0
578898 9.667857142857143
579008 104.11538461538461
579108 0
582139 128.9047619047619
582343 9.465034965034965
582349 0
582511 38.12676056338028
583318 49.21818181818182
589923 29.42391304347826
590022 23.95575221238938
591016 14.632432432432433
591017 11.568376068376068
592826 1353.5
592830 6.586374695863747
592973 112.79166666666667
592975 60.15555555555556
592986 55.244897959183675
592993 0
592996 0
593022 79.61764705882354
593060 79.61764705882354
593068 61.52272727272727
593091 66.02439024390245
593104 0
593105 104.11538461538461
593155 60.15555555555556
593201 0
593209 0
593210 39.80882352941177
593240 69.41025641025641
593248 45.11666666666667
593260 104.11538461538461
593328 37.59722222222222
593329 47.49122807017544
593544 96.67857142857143
593559 676.75
593560 676.75
593813 71.23684210526316
593859 56.395833333333336
593921 71.23684210526316
593942 51.075471698113205
594011 0
594025 21.1484375
594039 0
594047 100.25925925925925
594119 0
594387 67.675
594483 0
594511 0
594543 108.28
594649 31.847058823529412
594900 108.28
595056 73.16216216216216
595063 41.646153846153844
595157 128.9047619047619
595193 73.16216216216216
596075 33.8375
601462 0
601561 902.3333333333334
601567 14.24736842105263
604073 0
606479 1353.5
606647 79.61764705882354
608190 96.67857142857143
608191 104.11538461538461
608292 38.12676056338028
608326 117.69565217391305
610529 0
612306 676.75
613409 902.3333333333334
616336 0
617378 0
617575 0
621555 0
626530 0
626531 2707.0
626574 1353.5
626999 0
627024 4.101515151515152
628458 0
628459 2707.0
628500 43.66129032258065
628667 55.244897959183675
628668 53.07843137254902
628751 45.11666666666667
628764 36.58108108108108
628766 45.88135593220339
628815 60.15555555555556
628888 386.7142857142857
630817 135.35
630890 2707.0
631015 0
631052 15.557471264367816
632796 1353.5
632874 1353.5
632935 902.3333333333334
633030 2707.0
633031 2707.0
633081 0
633585 676.75
633721 386.7142857142857
634902 100.25925925925925
634904 100.25925925925925
634938 100.25925925925925
634975 93.34482758620689
636098 12.084821428571429
636500 246.0909090909091
636511 87.3225806451613
640617 108.28
641956 300.77777777777777
641976 19.06338028169014
642593 0
642621 0
642641 0
642681 902.3333333333334
642798 108.28
642827 142.47368421052633
642847 2707.0
642894 159.23529411764707
642920 0
642930 2707.0
643003 123.04545454545455
643069 104.11538461538461
643199 79.61764705882354
643221 225.58333333333334
643239 169.1875
643485 225.58333333333334
643597 159.23529411764707
643695 0
643734 676.75
643735 0
643777 338.375
644093 21.1484375
644334 93.34482758620689
644361 0
644363 0
644427 0
644441 451.1666666666667
644448 135.35
644470 87.3225806451613
644494 96.67857142857143
644577 193.35714285714286
644843 0
645016 676.75
645046 108.28
645084 300.77777777777777
645088 0
645452 0
645571 67.675
645870 108.28
645897 27.90721649484536
646195 117.69565217391305
646286 21.1484375
646289 0
646334 100.25925925925925
646357 100.25925925925925
646412 0
646440 100.25925925925925
646809 87.3225806451613
646836 67.675
646837 100.25925925925925
646900 0
646913 62.95348837209303
647315 0
647408 104.11538461538461
647413 51.075471698113205
647447 93.34482758620689
648106 1353.5
648112 902.3333333333334
648121 902.3333333333334
648232 2707.0
648369 0
649730 9.807971014492754
649731 12.952153110047847
649739 9.807971014492754
649944 1353.5
650807 0
650814 35.61842105263158
650834 54.14
653441 169.1875
653628 0
654177 13.014423076923077
654326 18.66896551724138
654339 15.12290502793296
654519 0
656048 37.082191780821915
656231 61.52272727272727
662250 0
662279 246.0909090909091
662416 11.97787610619469
662572 5.328740157480315
671052 2707.0
671269 13.467661691542288
671293 270.7
672064 43.66129032258065
672070 15.12290502793296
672071 15.12290502793296
675649 90.23333333333333
675756 0
675847 13.400990099009901
682508 2707.0
682666 6.818639798488665
682815 52.05769230769231
683294 0
683355 5.287109375
683360 2707.0
683404 4.96697247706422
684372 67.675
684531 0
684972 8.993355481727574
684986 10.699604743083004
686015 5.059813084112149
686030 676.75
686061 5.04096834264432
686532 541.4
686559 902.3333333333334
687401 0
688361 15.738372093023257
688824 0
688849 0
689152 7.049479166666667
689439 541.4
693143 1353.5
694759 90.23333333333333
695284 541.4
696342 69.41025641025641
696343 2707.0
696345 100.25925925925925
696346 96.67857142857143
703953 13.467661691542288
708945 193.35714285714286
709113 1353.5
709518 0
711527 7.457300275482094
711598 386.7142857142857
711994 0
714208 108.28
714256 902.3333333333334
714260 338.375
714289 180.46666666666667
714748 73.16216216216216
714879 90.23333333333333
714975 225.58333333333334
733167 10.29277566539924
733534 0
733576 0
734406 0
735303 67.675
735311 47.49122807017544
737204 451.1666666666667
738941 0
739280 0
739707 541.4
739816 0
746058 1353.5
751408 75.19444444444444
752684 0
753047 9.023333333333333
753070 7.892128279883382
753264 7.892128279883382
753265 10.371647509578544
754594 0
755082 2707.0
755217 31.847058823529412
756061 0
762980 11.004065040650406
763009 84.59375
763010 13.077294685990339
763181 13.014423076923077
767763 7.869186046511628
779960 0
782486 902.3333333333334
785678 79.61764705882354
787016 104.11538461538461
801170 73.16216216216216
814836 0
815073 0
815096 73.16216216216216
817774 0
820661 2707.0
820662 67.675
824245 0
851968 1353.5
853114 2707.0
853115 0
853116 902.3333333333334
853118 270.7
853150 2707.0
853155 541.4
854434 2707.0
884094 300.77777777777777
892139 8.227963525835866
899085 2707.0
899119 300.77777777777777
907845 451.1666666666667
911198 3.533942558746736
917493 451.1666666666667
919885 18.79861111111111
928873 6.801507537688442
943087 135.35
948147 338.375
948299 19.759124087591243
948846 2707.0
949217 4.089123867069486
949318 2707.0
949511 18.66896551724138
950052 338.375
950305 270.7
950986 43.66129032258065
954315 6.069506726457399
964248 6.801507537688442
975567 42.96825396825397
976284 6.7675
976334 60.15555555555556
987188 338.375
987197 62.95348837209303
989397 90.23333333333333
990075 2707.0
1000012 8.875409836065574
1022969 246.0909090909091
1031453 1353.5
1050679 4.903985507246377
1059953 67.675
1061127 39.231884057971016
1063773 902.3333333333334
1071981 49.21818181818182
1095507 6.16628701594533
1102364 676.75
1102400 19.335714285714285
1102407 2707.0
1102442 6.538647342995169
1102548 2707.0
1102550 57.59574468085106
1102567 1353.5
1102625 14.553763440860216
1102646 8.4858934169279
1102751 11.568376068376068
1102761 5.809012875536481
1102794 2707.0
1102850 902.3333333333334
1102873 27.622448979591837
1103016 676.75
1103031 451.1666666666667
1103038 270.7
1103162 8.056547619047619
1103315 12.248868778280542
1103383 73.16216216216216
1103394 10.65748031496063
1103499 2707.0
1103610 1353.5
1103676 5.663179916317992
1103737 4.387358184764992
1103960 20.353383458646615
1103969 451.1666666666667
1103979 58.84782608695652
1103985 90.23333333333333
1104007 79.61764705882354
1104031 64.45238095238095
1104055 8.433021806853583
1104182 38.67142857142857
1104191 2707.0
1104258 33.01219512195122
1104261 300.77777777777777
1104300 676.75
1104379 10.915322580645162
1104435 2707.0
1104449 10.615686274509804
1104495 2707.0
1104647 73.16216216216216
1104749 2707.0
1104769 338.375
1104787 208.23076923076923
1104809 541.4
1104851 44.377049180327866
1104946 902.3333333333334
1104999 48.339285714285715
1105011 13.467661691542288
1105033 8.406832298136646
1105062 2707.0
1105116 9.952205882352942
1105148 902.3333333333334
1105221 46.672413793103445
1105231 1353.5
1105344 77.34285714285714
1105360 2707.0
1105394 1353.5
1105428 12.193693693693694
1105433 386.7142857142857
1105450 8.303680981595091
1105505 225.58333333333334
1105530 82.03030303030303
1105531 9.053511705685619
1105574 123.04545454545455
1105603 14.873626373626374
1105622 2707.0
1105672 338.375
1105698 135.35
1105718 21.830645161290324
1105764 26.028846153846153
1105810 20.353383458646615
1105877 902.3333333333334
1105887 11.769565217391305
1105932 6.618581907090465
1106052 28.79787234042553
1106103 8.459375
1106112 902.3333333333334
1106172 27.90721649484536
1106236 20.05185185185185
1106287 16.01775147928994
1106298 9.952205882352942
1106330 6.870558375634518
1106370 6.180365296803653
1106388 9.737410071942445
1106401 64.45238095238095
1106406 27.07
1106418 61.52272727272727
1106492 8.12912912912913
1106546 541.4
1106547 38.12676056338028
1106568 18.66896551724138
1106630 541.4
1106671 15.468571428571428
1106764 676.75
1106771 246.0909090909091
1106789 142.47368421052633
1106849 2707.0
1106854 2707.0
1106966 34.705128205128204
1107010 22.371900826446282
1107041 1353.5
1107062 37.59722222222222
1107067 6.08314606741573
1107095 8.227963525835866
1107136 2707.0
1107140 451.1666666666667
1107171 28.79787234042553
1107215 18.79861111111111
1107312 17.927152317880793
1107319 112.79166666666667
1107325 9.083892617449665
1107355 17.352564102564102
1107367 33.01219512195122
1107385 451.1666666666667
1107418 9.737410071942445
1107455 31.114942528735632
1107558 902.3333333333334
1107567 52.05769230769231
1107572 73.16216216216216
1107674 49.21818181818182
1107728 2707.0
1107808 2707.0
1107861 902.3333333333334
1108050 902.3333333333334
1108167 11.769565217391305
1108169 246.0909090909091
1108175 96.67857142857143
1108209 18.66896551724138
1108258 1353.5
1108267 25.299065420560748
1108329 11.97787610619469
1108363 46.672413793103445
1108389 7.961764705882353
1108551 7.296495956873315
1108570 2707.0
1108597 902.3333333333334
1108656 1353.5
1108728 10.33206106870229
1108834 6.6839506172839505
1108841 541.4
1109017 69.41025641025641
1109185 193.35714285714286
1109199 66.02439024390245
1109208 902.3333333333334
1109392 16.81366459627329
1109439 4.058470764617691
1109542 6.554479418886198
1109566 2707.0
1109581 7.892128279883382
1109830 676.75
1109873 1353.5
1109891 14.398936170212766
1109957 50.129629629629626
1110000 93.34482758620689
1110024 159.23529411764707
1110028 52.05769230769231
1110209 60.15555555555556
1110256 84.59375
1110390 902.3333333333334
1110426 11.421940928270041
1110438 3.775453277545328
1110494 2707.0
1110515 42.96825396825397
1110520 93.34482758620689
1110531 7.276881720430108
1110546 54.14
1110563 541.4
1110579 27.343434343434343
1110628 2707.0
1110768 9.14527027027027
1110947 49.21818181818182
1110950 2707.0
1110998 4.60374149659864
1111052 35.61842105263158
1111186 180.46666666666667
1111230 55.244897959183675
1111240 7.436813186813187
1111265 2707.0
1111304 5.747346072186836
1111614 2707.0
1111733 8.53943217665615
1111788 10.411538461538461
1111899 39.80882352941177
1111978 180.46666666666667
1112026 10.959514170040485
1112071 1353.5
1112075 1353.5
1112099 51.075471698113205
1112106 1353.5
1112194 1353.5
1112319 11.519148936170213
1112369 15.557471264367816
1112417 2707.0
1112426 61.52272727272727
1112574 112.79166666666667
1112650 2707.0
1112665 2707.0
1112686 902.3333333333334
1112723 150.38888888888889
1112767 18.66896551724138
1112911 104.11538461538461
1112929 8.676282051282051
1113035 112.79166666666667
1113084 2707.0
1113182 28.197916666666668
1113438 46.672413793103445
1113459 37.082191780821915
1113534 451.1666666666667
1113541 46.672413793103445
1113551 11.232365145228215
1113614 36.58108108108108
1113739 30.415730337078653
1113742 49.21818181818182
1113828 58.84782608695652
1113831 79.61764705882354
1113852 902.3333333333334
1113926 6.2517321016166285
1113934 16.113095238095237
1113995 1353.5
1114118 82.03030303030303
1114125 42.96825396825397
1114153 338.375
1114184 541.4
1114192 300.77777777777777
1114222 7.257372654155496
1114239 11.279166666666667
1114331 90.23333333333333
1114336 676.75
1114352 10.57421875
1114364 338.375
1114388 61.52272727272727
1114398 180.46666666666667
1114442 55.244897959183675
1114502 7.712250712250713
1114512 29.42391304347826
1114526 6.733830845771144
1114605 1353.5
1114629 26.801980198019802
1114664 1353.5
1114777 8.153614457831326
1114838 2707.0
1114864 9.302405498281788
1114992 6.750623441396509
1115166 2707.0
1115291 12.360730593607306
1115375 73.16216216216216
1115456 11.048979591836735
1115471 10.100746268656716
1115670 7.436813186813187
1115677 9.432055749128919
1115701 142.47368421052633
1115790 10.615686274509804
1115886 44.377049180327866
1115959 386.7142857142857
1116044 77.34285714285714
1116146 117.69565217391305
1116181 16.01775147928994
1116268 6.784461152882206
1116328 451.1666666666667
1116336 11.97787610619469
1116347 56.395833333333336
1116397 27.343434343434343
1116410 34.705128205128204
1116530 2707.0
1116569 77.34285714285714
1116594 1353.5
1116629 4.120243531202435
1116835 2707.0
1116839 902.3333333333334
1116842 1353.5
1116922 8.593650793650793
1116974 246.0909090909091
1117049 2707.0
1117089 50.129629629629626
1117184 117.69565217391305
1117219 11.87280701754386
1117249 69.41025641025641
1117348 159.23529411764707
1117476 142.47368421052633
1117501 5.225868725868726
1117618 61.52272727272727
1117653 676.75
1117760 28.197916666666668
1117786 10.828
1117833 270.7
1117920 66.02439024390245
1117942 23.95575221238938
1118017 14.955801104972375
1118083 71.23684210526316
1118092 4.985267034990792
1118120 2707.0
1118209 51.075471698113205
1118245 21.31496062992126
1118286 2707.0
1118302 46.672413793103445
1118332 14.025906735751295
1118347 14.71195652173913
1118388 150.38888888888889
1118546 93.34482758620689
1118658 6.71712158808933
1118764 7.123684210526315
1118823 676.75
1118848 96.67857142857143
1119004 2707.0
1119078 12.649532710280374
1119140 67.675
1119178 123.04545454545455
1119180 902.3333333333334
1119211 541.4
1119216 386.7142857142857
1119295 38.12676056338028
1119471 27.07
1119505 108.28
1119623 676.75
1119654 2707.0
1119671 902.3333333333334
1119708 123.04545454545455
1119742 2707.0
1119751 676.75
1119987 193.35714285714286
1120019 2707.0
1120020 14.553763440860216
1120049 9.952205882352942
1120059 112.79166666666667
1120084 6.339578454332552
1120138 54.14
1120169 10.915322580645162
1120170 48.339285714285715
1120197 338.375
1120211 1353.5
1120252 2707.0
1120431 20.20149253731343
1120444 10.176691729323307
1120563 90.23333333333333
1120643 225.58333333333334
1120650 7.690340909090909
1120713 676.75
1120731 31.476744186046513
1120777 676.75
1120786 9.14527027027027
1120858 100.25925925925925
1120866 2707.0
1120880 2707.0
1120962 15.830409356725147
1121057 1353.5
1121063 52.05769230769231
1121176 66.02439024390245
1121254 9.083892617449665
1121313 46.672413793103445
1121398 64.45238095238095
1121459 13.535
1121537 60.15555555555556
1121569 193.35714285714286
1121603 386.7142857142857
1121659 7.457300275482094
1121739 15.12290502793296
1121867 3.435279187817259
1122304 2707.0
1122425 8.5125786163522
1122460 82.03030303030303
1122574 2707.0
1122580 300.77777777777777
1122642 123.04545454545455
1122704 128.9047619047619
1123068 6.445238095238095
1123087 9.083892617449665
1123093 9.952205882352942
1123188 11.97787610619469
1123215 1353.5
1123239 1353.5
1123493 2707.0
1123530 35.15584415584416
1123553 57.59574468085106
1123576 676.75
1123689 8.253048780487806
1123756 93.34482758620689
1123867 13.741116751269036
1123926 9.737410071942445
1123991 2707.0
1124837 2707.0
1124844 159.23529411764707
1125082 18.79861111111111
1125092 31.847058823529412
1125258 2707.0
1125386 7.93841642228739
1125393 5.558521560574949
1125402 541.4
1125467 7.316216216216216
1125469 5.297455968688846
1125492 84.59375
1125597 77.34285714285714
1125895 18.66896551724138
1125906 6.507211538461538
1125909 36.58108108108108
1125944 541.4
1125953 11.769565217391305
1125992 8.12912912912913
1125993 34.265822784810126
1126011 2707.0
1126012 1353.5
1126029 42.296875
1126037 18.66896551724138
1126044 10.53307392996109
1126050 1353.5
1126315 2707.0
1126350 44.377049180327866
1126503 300.77777777777777
1127430 108.28
1127530 169.1875
1127541 902.3333333333334
1127551 2707.0
1127558 1353.5
1127566 338.375
1127619 38.67142857142857
1127657 2707.0
1127810 23.136752136752136
1127812 32.226190476190474
1127851 7.892128279883382
1127863 10.451737451737452
1127913 100.25925925925925
1128151 135.35
1128198 58.84782608695652
1128201 54.14
1128204 100.25925925925925
1128208 1353.5
1128227 52.05769230769231
1128256 14.172774869109947
1128267 31.476744186046513
1128291 8.2782874617737
1128314 96.67857142857143
1128319 9.667857142857143
1128369 73.16216216216216
1128407 902.3333333333334
1128425 8.84640522875817
1128430 8.178247734138973
1128437 7.625352112676056
1128453 71.23684210526316
1128531 10.411538461538461
1128536 6.2517321016166285
1128542 2707.0
1128839 18.93006993006993
1128846 386.7142857142857
1128853 2707.0
1128856 10.492248062015504
1128868 18.66896551724138
1128881 2707.0
1128927 2707.0
1128935 6.4299287410926365
1128943 62.95348837209303
1128945 112.79166666666667
1128946 53.07843137254902
1128959 42.296875
1128974 4.444991789819376
1128975 41.646153846153844
1128977 55.244897959183675
1128978 62.95348837209303
1128982 55.244897959183675
1128985 93.34482758620689
1128990 77.34285714285714
1128997 79.61764705882354
1129015 36.58108108108108
1129018 100.25925925925925
1129021 2707.0
1129027 108.28
1129040 2707.0
1129096 57.59574468085106
1129106 66.02439024390245
1129111 87.3225806451613
1129208 7.237967914438503
1129243 54.14
1129367 1353.5
1129368 2707.0
1129369 2707.0
1129442 676.75
1129443 2707.0
1129494 2707.0
1129518 338.375
1129570 37.082191780821915
1129572 30.415730337078653
1129573 58.84782608695652
1129608 676.75
1129610 73.16216216216216
1129621 300.77777777777777
1129629 100.25925925925925
1129683 87.3225806451613
1129778 47.49122807017544
1129798 2707.0
1129835 338.375
1129907 676.75
1129994 6.31002331002331
1130069 2707.0
1130080 2707.0
1130243 2707.0
1130356 2707.0
1130454 1353.5
1130539 62.95348837209303
1130567 50.129629629629626
1130568 45.88135593220339
1130586 45.88135593220339
1130600 42.296875
1130634 8.459375
1130637 2707.0
1130653 902.3333333333334
1130657 902.3333333333334
1130676 71.23684210526316
1130678 676.75
1130680 87.3225806451613
1130780 902.3333333333334
1130808 77.34285714285714
1130847 96.67857142857143
1130856 100.25925925925925
1130915 17.24203821656051
1130927 3.4222503160556257
1130929 54.14
1130931 3.4222503160556257
1130934 3.1623831775700935
1131116 84.59375
1131137 7.142480211081794
1131149 159.23529411764707
1131150 13.95360824742268
1131163 2707.0
1131164 2707.0
1131165 2707.0
1131167 96.67857142857143
1131172 79.61764705882354
1131180 108.28
1131184 1353.5
1131189 87.3225806451613
1131192 71.23684210526316
1131195 2707.0
1131198 75.19444444444444
1131223 338.375
1131230 13.467661691542288
1131236 17.80921052631579
1131257 159.23529411764707
1131258 75.19444444444444
1131266 2707.0
1131267 142.47368421052633
1131270 84.59375
1131274 117.69565217391305
1131277 193.35714285714286
1131300 676.75
1131301 128.9047619047619
1131305 169.1875
1131312 180.46666666666667
1131314 87.3225806451613
1131330 2707.0
1131334 193.35714285714286
1131335 150.38888888888889
1131345 451.1666666666667
1131348 451.1666666666667
1131359 46.672413793103445
1131360 84.59375
1131374 34.705128205128204
1131414 2707.0
1131420 676.75
1131421 676.75
1131464 11.326359832635983
1131466 7.396174863387978
1131471 5.735169491525424
1131549 39.80882352941177
1131550 35.15584415584416
1131557 108.28
1131565 58.84782608695652
1131607 73.16216216216216
1131611 45.88135593220339
1131634 11.373949579831933
1131639 53.07843137254902
1131647 18.66896551724138
1131719 300.77777777777777
1131728 11.618025751072961
1131734 75.19444444444444
1131741 15.03888888888889
1131745 1353.5
1131748 18.66896551724138
1131752 108.28
1131754 2707.0
1131828 30.415730337078653
1132073 2707.0
1132083 11.769565217391305
1132157 1353.5
1132285 96.67857142857143
1132385 69.41025641025641
1132406 902.3333333333334
1132416 2707.0
1132418 15.647398843930636
1132434 180.46666666666667
1132443 12.474654377880185
1132459 10.65748031496063
1132461 6.124434389140271
1132486 84.59375
1132505 10.371647509578544
1132706 8.621019108280255
1132731 1353.5
1132809 1353.5
1132815 10.451737451737452
1132857 1353.5
1132864 2707.0
1132887 2707.0
1132922 2707.0
1132948 77.34285714285714
1132968 135.35
1133004 676.75
1133008 2707.0
1133010 12.360730593607306
1133028 3.1623831775700935
1133047 58.84782608695652
1133196 108.28
1133338 90.23333333333333
1133390 2707.0
1133417 6.476076555023924
1133428 1353.5
1133469 60.15555555555556
1133846 1353.5
1133930 2707.0
1134022 58.84782608695652
1134031 541.4
1134056 2707.0
1134197 2707.0
1134320 1353.5
1134346 90.23333333333333
1134348 67.675
1134865 300.77777777777777
1135082 300.77777777777777
1135108 12.248868778280542
1135115 142.47368421052633
1135122 676.75
1135125 13.204878048780488
1135137 73.16216216216216
1135345 541.4
1135358 17.927152317880793
1135368 2707.0
1135455 2707.0
1135589 1353.5
1135746 104.11538461538461
1135750 66.02439024390245
1135894 386.7142857142857
1135899 58.84782608695652
1135955 2707.0
1136040 2707.0
1136110 2707.0
1136310 2707.0
1136342 75.19444444444444
1136393 10.57421875
1136397 10.215094339622642
1136422 35.15584415584416
1136442 2707.0
1136446 10.411538461538461
1136447 10.33206106870229
1136449 10.411538461538461
1136631 7.778735632183908
1136634 7.801152737752162
1136791 46.672413793103445
1136814 73.16216216216216
1137140 2707.0
1137466 112.79166666666667
1138027 676.75
1138043 1353.5
1138091 902.3333333333334
1138619 2707.0
1138755 66.02439024390245
1138968 71.23684210526316
1138970 2707.0
1139009 2707.0
1139195 451.1666666666667
1139928 55.244897959183675
1140040 84.59375
1140230 62.95348837209303
1140231 541.4
1140289 18.79861111111111
1140543 246.0909090909091
1140547 10.025925925925925
1140548 2707.0
1152075 1353.5
1152143 69.41025641025641
1152150 11.718614718614718
1152162 12.03111111111111
1152179 2707.0
1152194 82.03030303030303
1152244 28.49473684210526
1152259 64.45238095238095
1152272 12.03111111111111
1152277 12.139013452914797
1152290 10.915322580645162
1152307 6.71712158808933
1152308 169.1875
1152358 541.4
1152379 451.1666666666667
1152394 2707.0
1152421 108.28
1152436 541.4
1152448 6.71712158808933
1152490 5.266536964980545
1152508 112.79166666666667
1152564 82.03030303030303
1152569 79.61764705882354
1152633 32.6144578313253
1152663 44.377049180327866
1152673 12.139013452914797
1152676 32.6144578313253
1152711 902.3333333333334
1152714 9.599290780141844
1152740 31.114942528735632
1152761 104.11538461538461
1152821 2707.0
1152858 2707.0
1152859 2707.0
1152896 64.45238095238095
1152904 12.03111111111111
1152910 2707.0
1152917 12.532407407407407
1152944 29.747252747252748
1152958 386.7142857142857
1152959 246.0909090909091
1152975 6.71712158808933
1152991 64.45238095238095
1153003 142.47368421052633
1153014 1353.5
1153024 451.1666666666667
1153031 300.77777777777777
1153056 33.8375
1153064 8.253048780487806
1153065 90.23333333333333
1153091 246.0909090909091
1153097 541.4
1153101 45.88135593220339
1153106 2707.0
1153148 15.03888888888889
1153150 45.88135593220339
1153160 676.75
1153166 20.353383458646615
1153169 6.941025641025641
1153183 56.395833333333336
1153195 676.75
1153254 39.231884057971016
1153262 23.53913043478261
1153264 1353.5
1153275 7.436813186813187
1153280 108.28
1153287 451.1666666666667
1153577 36.093333333333334
1153703 6.71712158808933
1153724 20.353383458646615
1153728 20.66412213740458
1153736 2707.0
1153784 52.05769230769231
1153786 66.02439024390245
1153811 7.646892655367232
1153816 60.15555555555556
1153853 9.952205882352942
1153860 104.11538461538461
1153861 5.266536964980545
1153866 10.451737451737452
1153877 902.3333333333334
1153879 902.3333333333334
1153889 902.3333333333334
1153891 142.47368421052633
1153896 37.082191780821915
1153897 46.672413793103445
1153899 9.53169014084507
1153900 8.056547619047619
1153922 46.672413793103445
1153933 142.47368421052633
1153942 79.61764705882354
1153943 31.476744186046513
1153945 32.226190476190474
1153946 2707.0
1154012 676.75
1154042 1353.5
1154068 14.632432432432433
1154071 300.77777777777777
1154074 902.3333333333334
1154076 34.265822784810126
1154103 11.820960698689957
1154123 15.557471264367816
1154124 15.557471264367816
1154169 18.66896551724138
1154173 2707.0
1154176 90.23333333333333
1154229 676.75
1154230 108.28
1154232 123.04545454545455
1154233 676.75
1154251 12.139013452914797
1154276 4.5959252971137525
1154459 108.28
1154500 2707.0
1154520 2707.0
1154524 541.4
1154525 902.3333333333334
1155073 6.9948320413436695
