35 6e-06
40 9e-06
114 4e-06
117 4e-06
128 7e-06
130 1.3e-05
164 0.000148
288 1.1e-05
424 1e-05
434 1.3e-05
463 4e-06
504 4e-06
506 7e-06
887 1.1e-05
906 4e-06
910 4.9e-05
936 4e-06
940 4e-06
941 4e-06
943 1.1e-05
1026 4e-06
1033 1.7e-05
1034 1.3e-05
1035 8e-06
1213 4e-06
1237 4e-06
1246 4e-06
1272 9e-06
1365 4e-06
1385 1.8e-05
1481 4e-06
1688 4.6e-05
1694 3.9e-05
1717 5e-05
1786 1.8e-05
1817 6e-06
1919 1.3e-05
1949 3e-05
1951 4e-06
1952 6e-06
1953 4e-06
1955 4e-06
1956 9e-06
1959 4e-06
1997 1.6e-05
1999 4e-06
2354 7e-06
2440 1.4e-05
2653 4e-06
2654 4e-06
2658 1.2e-05
2663 4e-06
2665 1.5e-05
2695 0.000157
2696 4.4e-05
2698 8e-05
2702 4e-06
3084 8e-06
3085 2.1e-05
3095 1.1e-05
3097 8e-06
3101 1.9e-05
3112 3.8e-05
3187 1e-05
3191 1.6e-05
3192 8e-06
3217 4e-06
3218 4e-06
3220 1.5e-05
3222 4e-06
3223 4e-06
3229 1.2e-05
3231 0.00013
3232 4e-06
3233 3.8e-05
3235 4e-06
3236 4e-06
3237 4.4e-05
3240 1.7e-05
3243 4e-06
3828 1.3e-05
3932 4e-06
4274 4e-06
4329 2.3e-05
4330 4.1e-05
4335 4e-06
4553 4e-06
4584 4e-06
4637 4e-06
4649 4e-06
4660 3.7e-05
4804 0.000151
4878 4e-06
4983 4e-06
5038 7.9e-05
5055 4e-06
5062 1.4e-05
5064 2.9e-05
5069 3e-05
5075 6e-06
5086 1.9e-05
5194 4e-06
5348 4.4e-05
5454 4e-06
5462 1.3e-05
5600 1.1e-05
5869 5.3e-05
5959 1.4e-05
5966 4e-06
6125 7.2e-05
6130 2.1e-05
6151 1.1e-05
6152 1e-05
6155 1.3e-05
6163 1.5e-05
6169 7e-06
6170 4e-06
6184 1.3e-05
6196 6e-06
6209 4e-06
6210 1.1e-05
6213 1.1e-05
6214 1.1e-05
6215 1.3e-05
6216 4e-06
6217 7e-06
6220 1.2e-05
6224 1.8e-05
6238 4e-06
6311 1.5e-05
6318 4e-06
6334 0.0001
6343 4e-06
6344 4e-06
6346 4e-06
6378 1e-05
6385 4e-06
6539 6.5e-05
6639 2.5e-05
6741 4e-06
6767 1.5e-05
6771 5.5e-05
6775 4e-06
6782 4e-06
6784 4e-06
6786 4e-06
6814 4e-06
6818 2e-05
6898 9.3e-05
6910 0.00012
6913 1.4e-05
6917 2.8e-05
6923 3.6e-05
6925 1.1e-05
6935 3.7e-05
6939 2.9e-05
6941 2.6e-05
7022 7e-06
7032 1.1e-05
7041 4e-06
7047 4e-06
7272 4e-06
7276 1e-05
7296 4e-06
7297 1e-05
7419 1.7e-05
7430 8e-06
7432 9e-06
7532 1.3e-05
7537 1e-05
7867 4e-06
8079 1.5e-05
8213 4e-06
8224 1.2e-05
8581 8e-06
8591 4e-06
8594 4e-06
8617 4e-06
8619 4e-06
8687 4e-06
8696 4e-06
8699 3.1e-05
8703 2.4e-05
8766 8e-06
8821 3.7e-05
8832 1.7e-05
8865 6e-06
8872 4e-06
8874 4e-06
8875 1.3e-05
8961 4e-06
9513 0.000187
9515 8.5e-05
9559 4e-06
9581 8e-06
9586 1.3e-05
9708 4e-06
9716 4e-06
10169 0.000122
10174 4e-06
10177 4.4e-05
10183 4e-06
10186 1.4e-05
10430 8e-06
10435 4e-05
10531 4.4e-05
10793 4e-06
10796 1.1e-05
10798 4e-06
10981 7e-06
11093 2.3e-05
11148 4e-06
11325 1.1e-05
11326 4.4e-05
11335 4e-06
11337 4e-06
11339 4.4e-05
11342 2.6e-05
12155 3.6e-05
12158 0.000133
12165 7.5e-05
12169 4e-06
12182 7.3e-05
12194 4e-06
12195 0.000103
12197 8.5e-05
12198 0.000104
12199 0.000129
12210 0.000113
12211 3.9e-05
12238 4e-06
12247 0.000121
12275 4e-06
12330 4e-06
12337 4e-06
12347 4e-06
12350 7.5e-05
12359 4e-06
12439 3.7e-05
12558 9e-06
12576 1.7e-05
12631 3.2e-05
12638 3.3e-05
12946 3.2e-05
12960 1.5e-05
13024 1.3e-05
13136 1.3e-05
13193 1.1e-05
13195 4e-06
13205 4e-06
13208 4e-06
13212 4e-06
13213 4e-06
13269 1.9e-05
13652 4e-06
13654 8e-06
13656 8e-06
13658 4e-06
13686 2.4e-05
13717 2e-05
13885 7e-06
13917 7e-06
13960 1.3e-05
13966 4e-06
13972 4e-06
13982 4.4e-05
14062 4e-06
14083 4e-06
14090 4e-06
14428 4e-06
14429 6e-06
14430 4e-06
14431 8e-06
14529 4e-06
14531 4e-06
14545 4e-06
14549 8e-06
14807 8.5e-05
15076 4e-06
15429 4.4e-05
15431 4e-06
15670 6e-06
15889 1.1e-05
15892 1.4e-05
15984 4e-06
15987 4e-06
16008 4e-06
16437 4e-06
16451 4.4e-05
16461 7e-06
16470 4e-06
16471 6e-06
16474 1e-05
16476 4e-06
16485 4e-06
16819 2.9e-05
16843 1.6e-05
17201 4e-06
17208 1.1e-05
17242 1.3e-05
17363 4e-06
17476 1.6e-05
17477 9e-06
17488 4e-06
17798 4.1e-05
17811 4e-06
17821 4e-06
18251 7e-06
18313 4e-06
18532 1e-05
18536 4e-06
18582 1.4e-05
18615 4.9e-05
18619 8e-06
18770 4e-06
18773 4e-06
18774 9e-06
18777 4e-06
18781 4e-06
18785 4e-06
18811 4e-06
18812 4e-06
18815 4e-06
18832 4e-06
18833 9e-06
18834 1e-05
19045 1.9e-05
19231 4e-06
19621 1.1e-05
19697 4e-06
20178 1.1e-05
20179 4e-06
20180 8e-06
20193 4e-06
20526 1.9e-05
20528 1e-05
20534 1.1e-05
20584 4e-06
20592 4e-06
20593 1e-05
20601 7e-05
20602 7e-05
20821 4e-06
20833 4e-06
20850 8.7e-05
20857 1.5e-05
20920 4e-06
20923 4e-06
20924 9e-06
20942 7e-06
20972 1.3e-05
22229 1.4e-05
22241 1e-05
22386 4e-06
22431 2.3e-05
22563 3.5e-05
22564 1.5e-05
22566 4e-05
22835 4e-06
22869 9e-06
22874 1.6e-05
22875 4e-06
22876 2.4e-05
22883 1.5e-05
22886 4e-06
23069 1.1e-05
23070 3.6e-05
23116 1.1e-05
23258 1.6e-05
23448 1.2e-05
23502 1.4e-05
23507 1.7e-05
23545 1.5e-05
23546 1.7e-05
23738 1.5e-05
23774 1.1e-05
24043 4e-06
24476 4e-06
24530 4e-06
24966 4e-06
24974 4e-06
25181 7e-06
25184 3.6e-05
25413 6e-06
25702 6e-06
25772 8e-06
25791 4e-06
25794 4e-06
25805 9.7e-05
26850 4e-06
27174 1e-05
27199 8e-06
27203 4e-06
27230 3.6e-05
27241 4e-06
27243 4e-06
27246 4e-06
27249 3.7e-05
27250 2.5e-05
27510 1.1e-05
27514 9e-06
27530 4e-06
27531 4e-06
27535 1.4e-05
27543 4e-06
27606 4.4e-05
27612 8.3e-05
27623 4e-06
27627 4e-06
27631 1.2e-05
27632 8e-06
27895 4e-06
28026 1.7e-05
28202 1.1e-05
28227 1.1e-05
28230 4e-06
28249 4e-06
28254 3.4e-05
28265 8e-06
28267 4e-06
28278 1.9e-05
28287 1.2e-05
28290 1e-05
28336 2.1e-05
28350 7e-06
28359 1e-05
28385 4e-06
28387 9e-06
28389 4e-06
28412 4e-06
28447 6e-06
28456 2e-05
28471 4.8e-05
28473 7e-06
28485 7e-06
28487 4e-06
28489 4e-06
28491 4e-06
28504 4e-06
28542 4e-06
28632 2.6e-05
28640 2.6e-05
28641 6.3e-05
28649 4e-06
28674 4e-06
28851 6e-06
28957 4e-06
28964 4e-06
29492 4e-06
29708 4e-06
29723 2.1e-05
29738 4e-06
30817 4e-06
30895 2.2e-05
30901 6.1e-05
30934 4e-06
30973 1.4e-05
31043 2.3e-05
31055 4e-06
31083 4e-06
31097 7e-06
31105 4e-06
31336 8.5e-05
31349 0.000162
31353 4.4e-05
31479 4e-06
31483 4e-06
31489 4e-06
31769 2.3e-05
31863 1.3e-05
31927 4.8e-05
31932 5.8e-05
32083 4e-06
32260 4e-05
32276 4e-06
32688 2.3e-05
32698 1.3e-05
32872 6e-06
33013 8e-06
33231 4e-06
33301 4e-06
33303 2.4e-05
33325 4e-06
33412 7e-06
33818 1.3e-05
33823 4e-06
33895 4.4e-05
33904 4.9e-05
33907 1.5e-05
34082 6e-06
34257 9e-06
34263 2.5e-05
34266 2.3e-05
34315 4e-06
34355 1.3e-05
34708 1e-05
34961 1.5e-05
34979 4.4e-05
35061 1.1e-05
35070 4e-06
35335 4.4e-05
35343 5e-05
35490 8e-06
35778 9e-06
35797 4.2e-05
35852 4e-06
35854 4.4e-05
35863 1.9e-05
35905 2.2e-05
35922 1.4e-05
36131 4e-06
36140 1.5e-05
36145 4e-06
36162 4e-06
36167 1.4e-05
36620 8.9e-05
36802 4e-06
37483 1.1e-05
37541 8e-06
37879 4e-06
37884 3.2e-05
37888 1.2e-05
37998 1.3e-05
38000 3e-05
38205 1.1e-05
38480 1e-05
38537 4e-06
38722 6.9e-05
38771 4e-06
38829 1.4e-05
38839 6e-06
38845 6e-06
38846 4e-06
39124 5.5e-05
39126 6.7e-05
39127 4e-06
39130 3.3e-05
39131 9.4e-05
39165 9e-06
39199 2.8e-05
39210 3.1e-05
39403 9e-06
39474 4.5e-05
39890 4e-06
39904 8e-06
40124 1.4e-05
40125 1.2e-05
40131 8e-06
40135 4e-06
40151 7e-06
40583 1.6e-05
40605 1.4e-05
40886 4e-06
40922 1.7e-05
41216 8e-06
41417 1.6e-05
41666 4.7e-05
41714 1.6e-05
41732 4e-06
42156 4e-06
42207 9.7e-05
42209 4e-06
42221 4e-06
42847 2.5e-05
42848 4e-06
43165 4e-06
43186 4e-06
43639 9e-06
43698 8.5e-05
44017 4.4e-05
44121 4e-06
44368 2.7e-05
44455 1.2e-05
44514 4e-06
45052 4e-06
45061 4.4e-05
45188 7.9e-05
45189 0.000115
45212 4e-06
45533 4e-06
45599 9e-06
45603 4e-06
45605 1.2e-05
46079 6e-06
46431 5.2e-05
46452 4e-06
46468 4.3e-05
46470 4e-06
46476 4e-06
46491 4e-06
46500 1.7e-05
46501 4e-06
46536 7e-06
46547 4e-06
46887 4e-06
47570 8e-06
47682 4e-06
47683 4e-06
47684 8e-06
47839 4e-06
48066 4e-06
48075 8.5e-05
48550 2.1e-05
48555 6e-06
48764 4e-06
48766 1.2e-05
48768 4e-06
48781 4.4e-05
49482 1e-05
49660 7.1e-05
49720 4.4e-05
49753 4.4e-05
49811 2.4e-05
49843 3.8e-05
49844 5.5e-05
49847 4.5e-05
49895 4e-06
50336 1.6e-05
50337 2.4e-05
50354 4.4e-05
50381 5.8e-05
50807 4e-06
50838 4e-06
50980 4.4e-05
51045 8e-06
51049 4e-06
51052 4e-06
51180 0.000101
51831 4e-06
51834 1.7e-05
51866 1e-05
51879 4e-06
51909 1e-05
51934 4e-06
52000 8e-06
52003 4e-06
52007 1.1e-05
52515 7e-06
52784 7e-06
52835 8e-06
52847 1.5e-05
53942 4e-06
54129 6e-06
54131 2.1e-05
54132 4e-06
54550 8e-06
54844 4e-06
55403 2.8e-05
55770 4e-06
55801 1.5e-05
55968 1e-05
56112 1.2e-05
56115 1.3e-05
56119 2.5e-05
56167 4.1e-05
56708 4e-06
56709 1.4e-05
57119 4e-06
57764 3.3e-05
57773 7e-06
57922 2.6e-05
57932 4e-06
57948 9.6e-05
58268 4e-06
58436 4e-06
58453 4e-06
58454 4e-06
58540 9e-06
58552 2.9e-05
58758 4.4e-05
59045 4e-06
59244 1.8e-05
59626 4e-06
59715 1.1e-05
59772 4.4e-05
59798 4e-06
60159 1.4e-05
60169 3.2e-05
60170 1.4e-05
60560 4e-06
60682 4e-06
61069 1.5e-05
61073 4e-06
61312 4e-06
61417 4e-06
62274 4e-05
62329 9e-06
62333 9e-06
62347 1e-05
62389 1.5e-05
62417 4e-06
62607 4e-06
62634 1.1e-05
62676 4e-06
62718 1.8e-05
63477 6.8e-05
63486 7.9e-05
63549 4e-06
63812 4e-06
63832 2.8e-05
63835 1.8e-05
63915 2.8e-05
63931 2.7e-05
64271 1.4e-05
64319 4e-06
64484 4e-06
64519 8e-06
65057 1e-05
65074 1.4e-05
65212 4e-06
65650 7.2e-05
65653 2.9e-05
66556 1.5e-05
66563 1.5e-05
66564 4e-06
66594 5.3e-05
66596 4e-06
66751 4e-06
66782 4e-06
66794 4e-06
66805 4.6e-05
66809 4e-06
66982 2.3e-05
66986 1.1e-05
66990 2.9e-05
67245 9e-06
67246 1.8e-05
67292 1.3e-05
67415 0.000113
67584 4e-06
67633 4e-06
68115 4e-06
68224 4e-06
68463 5e-05
68495 0.000117
68505 7.9e-05
69198 4e-06
69284 7.9e-05
69296 2.8e-05
69392 2.3e-05
69397 2.9e-05
69418 4.3e-05
70281 4e-06
70441 1.3e-05
70442 7e-06
70444 4e-06
70520 4e-06
70970 2.2e-05
71336 4e-06
71736 4e-06
71904 4e-06
72056 4e-06
72101 1e-05
72406 4e-06
72805 4e-06
72908 1.7e-05
73119 6e-06
73146 2.4e-05
73162 4e-06
73323 4e-06
73327 1.1e-05
73712 4e-06
73972 4.4e-05
74427 6e-06
74698 2.7e-05
74700 7e-06
74749 7e-06
74821 4e-06
74920 4e-06
74921 4e-06
74937 4e-06
74975 4e-06
75121 1.7e-05
75318 4.4e-05
75674 4e-06
75691 8e-06
75693 4e-06
75694 4e-06
75695 4.8e-05
75969 4e-06
75972 2.1e-05
75983 4e-06
77108 4e-06
77112 4e-06
77438 1e-05
77515 0.000113
77758 4e-06
77826 3.2e-05
77829 2.2e-05
78508 4e-06
78511 1.6e-05
78549 9e-06
78552 6e-06
78555 4e-06
78557 9e-06
78994 6.1e-05
79809 2.6e-05
79817 9e-06
80491 4e-06
80515 1e-05
80656 4e-06
81350 3.7e-05
81714 6e-06
81722 8e-06
82087 6.2e-05
82090 2.5e-05
82098 9e-06
82664 4e-06
82666 4e-06
82920 4e-06
83449 1.8e-05
83461 1.8e-05
83725 1.3e-05
83746 1.1e-05
83826 1e-05
83847 4e-06
84020 1.1e-05
84021 3e-05
84459 7e-06
84695 4e-06
85299 4e-06
85324 4e-06
85352 6e-06
85449 8e-06
85452 4.5e-05
85688 8e-06
86258 4e-06
86359 1e-05
86840 7e-06
86923 1.3e-05
87363 3.3e-05
87417 8e-06
87482 2.4e-05
87915 1.7e-05
88356 3.5e-05
89308 4e-06
89335 1e-05
89416 7e-06
89547 4.4e-05
90470 4e-06
90655 2.4e-05
90888 7e-06
91038 4e-06
91581 2.1e-05
91852 1.6e-05
91853 1.5e-05
91975 6e-05
92065 7e-06
92589 4e-06
93273 4e-06
93318 4e-06
93320 1.4e-05
93555 4e-06
93755 4e-06
93923 3.5e-05
94229 1.5e-05
94416 8e-06
94639 4e-06
94641 8e-06
94713 5.6e-05
94953 1.3e-05
95188 1.7e-05
95198 4e-06
95225 9.9e-05
95435 9e-06
95579 7e-06
95586 1.4e-05
95588 4e-06
95589 1.1e-05
95594 4e-06
95597 4e-06
95642 4e-06
95718 9e-06
95719 7e-06
96335 1.3e-05
96845 2.5e-05
96847 2.1e-05
96851 4e-06
97377 1.5e-05
97390 4e-06
97645 6e-06
97892 1.8e-05
98693 8e-06
98698 1.1e-05
99023 1.6e-05
99025 0.000129
99030 8e-06
100197 7e-06
100701 4e-06
100935 8e-06
100961 1.4e-05
101143 6e-06
101145 1.5e-05
101261 4e-06
101263 4e-06
101660 2.1e-05
101662 3.1e-05
101811 4.5e-05
102061 4e-06
102406 1.3e-05
102879 7.7e-05
102884 3.8e-05
102938 6e-06
102939 4e-06
103430 4.4e-05
103482 6e-06
103515 1.1e-05
103528 8e-06
103529 2.9e-05
103531 1.1e-05
103537 4e-06
103543 3.9e-05
104840 4.2e-05
105057 4.3e-05
105856 4.9e-05
105865 1e-05
105899 3.5e-05
106590 1.2e-05
107177 4e-06
107251 2.3e-05
107252 2.4e-05
107569 8e-06
108047 2.4e-05
108962 2.9e-05
108963 1.1e-05
108974 4e-06
108983 1.3e-05
109323 1e-05
110041 4e-06
110162 2.2e-05
110163 3.7e-05
110164 3.9e-05
111676 4e-06
111770 4e-06
111866 0.000103
112099 4e-06
112378 3.4e-05
112787 1.6e-05
112813 8e-06
114189 4.1e-05
114308 8e-06
114966 4e-06
115188 4e-06
116021 8e-06
116081 4e-06
116084 2.2e-05
116087 1.4e-05
116512 4e-06
116528 4e-06
116545 4e-06
116552 1.4e-05
116553 2.2e-05
116790 1.3e-05
117315 1.4e-05
117316 1.6e-05
117328 4e-06
118079 1.2e-05
118259 4e-06
118260 1.1e-05
118424 4e-06
118435 4e-06
118436 3.3e-05
118558 4e-06
118559 7e-06
118682 1.1e-05
118873 4e-06
119686 8e-06
119712 4e-06
119761 5.2e-05
119956 3.4e-05
120013 2.4e-05
120039 4.7e-05
120084 4e-06
120817 4e-06
121792 4e-06
123556 4.4e-05
123825 1.1e-05
124064 1e-05
124224 3.2e-05
124296 1e-05
124734 0.000117
124828 4e-06
124952 4e-06
126128 4e-06
126793 1.3e-05
126867 4e-06
126868 4e-06
126909 4e-06
126912 1.3e-05
126920 1.5e-05
126926 4e-06
126927 6.1e-05
127033 2.9e-05
127940 8e-06
128202 8e-06
128203 4e-06
128383 1.9e-05
128540 2.4e-05
129042 1.1e-05
129045 1.6e-05
129287 8e-06
129558 4e-06
129896 2.5e-05
129897 3.6e-05
131042 1.3e-05
131117 8e-06
131122 4e-06
131315 1.7e-05
131317 4e-06
131318 1e-05
132806 6e-06
132821 4e-06
133550 7e-06
133553 4.4e-05
133563 1.4e-05
133566 1.1e-05
133567 4e-06
133615 1.5e-05
133628 4e-06
134060 1e-05
134128 2.3e-05
134199 4e-06
134219 4e-06
134307 4.1e-05
134314 4e-06
134315 4e-06
134316 3.2e-05
134320 4e-06
135130 1.6e-05
135464 4e-06
135765 8e-06
135766 4e-06
135798 4e-06
136665 4e-06
136766 4.3e-05
136767 4e-06
136768 3.3e-05
137130 7e-06
137359 4e-06
137380 4e-06
137790 4e-06
137849 1.9e-05
137868 4e-06
137873 3.7e-05
137956 1.1e-05
139547 6.6e-05
139738 4e-06
139865 4e-06
140005 4e-06
140569 7e-06
141160 4.4e-05
141171 6e-05
141324 1.3e-05
141342 6e-06
141347 6e-06
141596 4e-06
141868 1.9e-05
142268 2.4e-05
143323 4e-06
143476 4e-06
143676 6e-06
143801 2e-05
144212 2e-05
144330 1.8e-05
144408 1.5e-05
144679 1.2e-05
144701 1.4e-05
145134 4e-06
145176 4e-06
145215 3.6e-05
145315 4e-06
145384 4e-06
147870 9e-06
148170 6e-06
148341 4e-06
148399 6.4e-05
149139 4e-06
149669 1.4e-05
151430 3.7e-05
151708 2.3e-05
152219 8e-06
152226 5.1e-05
152227 3.8e-05
152483 3e-05
152731 8e-06
153063 2.5e-05
153598 7e-06
154023 4.4e-05
154047 4.4e-05
154134 1.6e-05
154982 2.5e-05
155158 4e-06
155277 4e-06
155736 3.2e-05
155738 1.4e-05
156794 4e-06
156977 8e-06
157401 7e-06
157761 9.2e-05
157805 4.2e-05
158098 4e-06
158172 8e-06
158614 4.1e-05
158812 4e-06
159084 4e-06
159085 7e-06
159897 3.1e-05
160705 6.5e-05
160732 4e-06
161221 1.1e-05
162075 1e-05
162080 1.3e-05
162664 1.1e-05
163235 4e-06
164885 6e-06
166420 4e-06
166825 4e-06
166989 4e-06
167205 8e-06
167656 4e-06
167670 4.1e-05
168332 4e-06
168410 2.8e-05
168958 4.4e-05
169279 5.5e-05
169280 4e-06
170338 1.4e-05
170798 8e-06
171225 7e-06
171954 3.8e-05
173863 4e-06
173884 1.9e-05
174418 4e-06
174425 4e-06
175256 4e-06
175291 6e-06
175548 4e-06
175576 4.4e-05
175909 1.4e-05
177115 4e-06
177993 4e-06
177998 4e-06
178209 1.2e-05
178718 4e-06
178727 6e-06
179180 4e-06
179702 4e-06
179706 4e-06
180187 4e-06
180301 4e-06
180373 1.4e-05
180399 3.1e-05
181782 1.1e-05
182093 4e-06
182094 1.7e-05
184157 6e-06
184918 1.4e-05
187260 4e-06
187354 1.5e-05
188318 1.9e-05
188471 8e-06
189566 4e-06
189571 1e-05
189572 1.4e-05
189574 1.1e-05
189577 7e-06
189620 2.4e-05
189623 4e-06
189655 4e-06
189708 4e-06
189721 4e-06
189774 1.2e-05
189856 8e-06
190697 2.2e-05
190698 4e-06
190706 1.7e-05
191216 4e-06
191222 4e-06
191404 4e-06
192734 7.9e-05
192850 7.7e-05
192870 1.3e-05
193347 1.4e-05
193352 4e-06
193354 1.4e-05
193742 1.1e-05
193918 4e-06
193931 2.6e-05
193932 2e-05
194223 7e-06
194609 4e-06
194617 0.000113
194645 6e-06
195150 2.1e-05
195361 7e-06
195792 2.4e-05
197054 2.1e-05
197452 4e-06
197783 1.1e-05
198443 9e-06
198653 8e-06
198866 4e-06
199571 4e-06
200480 5e-05
200630 4e-06
202520 4e-06
202522 4e-06
202639 9e-06
203646 4e-06
205192 9e-06
205196 1e-05
206259 4e-06
206371 2.7e-05
206524 4.4e-05
207395 7e-06
208345 2.3e-05
210309 4.4e-05
210871 1.1e-05
210872 4e-06
211432 6.7e-05
211875 4.7e-05
211906 4e-06
212097 4e-06
212107 4e-06
212777 2e-05
212930 8e-06
213246 4e-06
213279 8e-06
214472 4e-06
215912 3e-05
216877 4e-06
216878 4e-06
217115 4.4e-05
217139 4e-06
217852 1.8e-05
217984 7e-06
218410 7e-06
218666 8e-06
218682 1.4e-05
219218 4e-06
219239 0.000109
219446 9e-06
219976 4e-06
220420 4e-06
221302 3.3e-05
226698 4e-06
227178 1.5e-05
227286 3.3e-05
228990 4e-06
228992 4e-06
229635 1e-05
230300 1.1e-05
230879 4e-06
230884 1.2e-05
231198 8e-06
231249 6e-06
232605 4e-06
232606 4e-06
232860 4e-06
233106 4e-06
235670 1.4e-05
235678 7e-06
235679 7e-06
235683 4e-06
235776 1.5e-05
236759 1.5e-05
237376 4.4e-05
237489 9e-06
237521 4e-06
238099 2.1e-05
238401 4e-06
239800 8e-06
239810 1.7e-05
239829 4e-06
240321 4e-06
240791 1.4e-05
241133 1.1e-05
241821 7e-06
242637 1.9e-05
242663 1e-05
243274 8e-06
243483 1.8e-05
245288 4e-06
245955 4e-06
246618 2e-05
248119 6e-06
248395 1.7e-05
248425 9e-06
248431 4e-06
248823 9e-06
249421 1.4e-05
249858 0.000108
250566 4e-06
251756 1.3e-05
252715 4e-06
252725 4e-06
253762 4e-06
253971 4e-06
254923 1.4e-05
255233 1.6e-05
255628 4e-06
256106 0.000121
258259 4e-06
259126 6.5e-05
259701 6e-06
259702 1.1e-05
259772 8e-06
260121 4e-06
260979 8e-06
261040 4e-06
262108 4e-06
262121 4e-06
262178 4e-06
263069 4e-06
263279 4.6e-05
263482 4e-06
263486 6e-06
263498 9e-06
263553 5.6e-05
264347 4.3e-05
264556 4e-06
265203 9e-06
267003 6e-06
267824 4e-06
270085 4e-06
270456 4e-06
270600 4e-06
272345 1.8e-05
272720 6.7e-05
273152 8e-06
273949 2.1e-05
277263 8e-06
278394 4e-06
278403 4e-06
280876 2.4e-05
282700 8e-06
284023 1.2e-05
284025 2.8e-05
284414 8e-06
285675 1.5e-05
285687 4e-06
286500 6e-06
286513 4e-06
286562 4.4e-05
287787 6e-06
288107 4e-06
289085 3.5e-05
289088 4.4e-05
289779 8e-06
289780 1.6e-05
289781 8e-06
289885 1e-05
289945 4e-06
292277 4e-06
293271 7e-06
293285 1.1e-05
293974 2.3e-05
294030 1.4e-05
294126 4e-06
294145 4e-06
294239 9e-06
299195 1.5e-05
299197 3.3e-05
300071 2.3e-05
300806 7e-06
302545 4e-06
307015 6e-06
307336 6e-06
307656 4e-06
308003 3.2e-05
308232 1.6e-05
308529 1.4e-05
308920 8e-06
309476 3.9e-05
310530 9e-06
310653 2.9e-05
310742 1e-05
312409 4e-06
314459 2.4e-05
315266 6e-06
315789 8e-06
318071 4e-06
318187 4e-06
321004 4e-06
321861 2.6e-05
323128 7.6e-05
325314 4e-06
325497 6e-06
328370 4.6e-05
330148 1.1e-05
330208 4e-06
334153 8e-06
335042 4e-06
335733 9e-06
337766 4e-06
340075 1.6e-05
340078 2.4e-05
340299 4e-06
341188 1.3e-05
342802 0.000157
345340 1.6e-05
346243 3.3e-05
346292 1e-05
348305 4e-06
348437 1.2e-05
350319 8e-06
350362 4e-05
350373 1.7e-05
353541 1.3e-05
354004 1e-05
358866 9e-06
358884 4e-06
358887 4e-06
358894 2.7e-05
359067 3.2e-05
360028 4e-06
362926 4e-06
365294 4e-06
367312 7e-06
368431 2.6e-05
368605 1.8e-05
368657 4.4e-05
370366 4e-06
372862 2.4e-05
375605 4e-06
375825 4e-06
376704 4e-06
377303 1.5e-05
379288 4e-06
380341 4e-06
384428 4e-06
385067 2.3e-05
385251 3.9e-05
385572 2.6e-05
387795 2.4e-05
389715 2.3e-05
390693 4e-06
390889 3.6e-05
390894 2.2e-05
390896 1.6e-05
390922 1.7e-05
395075 1.2e-05
395540 1.2e-05
395547 5.8e-05
395553 4.7e-05
395725 1.4e-05
396412 2.4e-05
397488 4.4e-05
397590 4e-06
399173 4e-06
399339 1.3e-05
399370 4.2e-05
400356 8e-06
400455 4.4e-05
400473 4e-06
408885 4e-06
409255 1.3e-05
409725 1.5e-05
411005 1.5e-05
411092 1.1e-05
415693 1.4e-05
416455 2.1e-05
416867 4e-06
416964 4e-06
417017 1.5e-05
421481 4e-06
423463 1.6e-05
423816 4.4e-05
424540 4e-06
427606 6e-06
428610 2.9e-05
429781 3.5e-05
429805 3e-05
430329 4e-06
430574 4e-06
430711 4e-06
431206 8.4e-05
436796 1.3e-05
440815 1.7e-05
444191 7e-06
444240 3.5e-05
445938 7e-06
446271 7e-06
446610 4e-06
447224 7e-06
447250 1.8e-05
449841 1.3e-05
458439 4e-06
459206 4e-06
459213 9e-06
459214 1.9e-05
459216 1e-05
463825 2.3e-05
466170 4e-06
467383 4e-06
469504 5.2e-05
470511 5.6e-05
481073 1.3e-05
486840 6e-06
502574 1.2e-05
503871 1.5e-05
503877 7e-06
503883 9e-06
503893 6e-06
509233 1e-05
509315 2.5e-05
509379 2.7e-05
510715 4e-06
510718 3e-05
513189 1e-05
519318 1.3e-05
519353 1.7e-05
520471 8e-06
521183 4e-06
521207 1.3e-05
521251 1.9e-05
521252 1.9e-05
521269 6e-06
521855 1.1e-05
522338 4e-06
523010 4e-06
523394 8e-06
523574 4e-06
529165 4e-06
531348 1.3e-05
531351 1.3e-05
545647 2.4e-05
552469 4.5e-05
559804 1.3e-05
560936 1e-05
561238 1.1e-05
561364 1.6e-05
561568 2.2e-05
561581 2.7e-05
561582 1.5e-05
561593 1.2e-05
561595 1.7e-05
561610 1.2e-05
561611 4e-06
561613 1.2e-05
561674 4e-06
561789 4e-06
561809 4e-06
562067 8e-06
562123 6e-06
562940 4e-06
563613 4e-06
566488 8e-06
566653 8e-06
566664 1.5e-05
567005 1e-05
567018 1.6e-05
568045 3.6e-05
568857 2.6e-05
573535 7e-06
573553 4e-06
573964 9e-06
573978 1e-05
574009 6e-06
574264 6e-06
574462 1.1e-05
574710 1.8e-05
575077 8e-06
575292 1.5e-05
575331 9e-06
575402 1.3e-05
575795 8e-06
576257 1.6e-05
576362 4e-06
576691 1.6e-05
576725 2.7e-05
576795 2.3e-05
576973 4.4e-05
577086 9e-06
577227 6e-06
577331 1.1e-05
578306 1.4e-05
578309 1.8e-05
578337 1.6e-05
578347 2.5e-05
578365 4e-06
578645 2.6e-05
578646 2.3e-05
578649 2.2e-05
578650 4e-06
578669 9e-06
578780 1.6e-05
578845 4e-06
578898 9e-06
579008 9e-06
579108 4e-06
582139 9e-06
582343 3.8e-05
582349 4e-06
582511 2.4e-05
583318 1.8e-05
589923 1.5e-05
590022 1.7e-05
591016 2.1e-05
591017 3.8e-05
592826 4e-06
592830 1.7e-05
592973 6e-06
592975 2.1e-05
592986 1.7e-05
592993 4e-06
592996 4e-06
593022 9e-06
593060 7e-06
593068 9e-06
593091 3.4e-05
593104 4e-06
593105 1.2e-05
593155 1.3e-05
593201 4e-06
593209 4e-06
593210 4.1e-05
593240 3.4e-05
593248 1e-05
593260 9e-06
593328 2e-05
593329 1.8e-05
593544 8e-06
593559 1.4e-05
593560 1.4e-05
593813 5e-05
593859 1.3e-05
593921 7e-06
593942 9e-06
594011 4e-06
594025 9e-06
594039 4e-06
594047 1.3e-05
594119 4e-06
594387 1.8e-05
594483 4e-06
594511 4e-06
594543 1.1e-05
594649 1.7e-05
594900 1.1e-05
595056 1.8e-05
595063 2e-05
595157 1.1e-05
595193 2e-05
596075 6e-06
601462 4e-06
601561 8e-06
601567 1.8e-05
604073 4e-06
606479 4e-06
606647 7e-06
608190 8e-06
608191 2e-05
608292 1.2e-05
608326 6e-06
610529 4e-06
612306 1.4e-05
613409 8e-06
616336 4e-06
617378 4e-06
617575 4e-06
621555 4e-06
626530 4e-06
626531 4e-06
626574 8e-06
626999 4e-06
627024 1.4e-05
628458 4e-06
628459 4e-06
628500 8e-06
628667 1.1e-05
628668 1.6e-05
628751 9e-06
628764 2e-05
628766 9e-06
628815 7e-06
628888 7e-06
630817 9e-06
630890 4e-06
631015 4e-06
631052 1.5e-05
632796 8e-06
632874 8e-06
632935 8e-06
633030 4.4e-05
633031 4.4e-05
633081 4e-06
633585 1.5e-05
633721 1.9e-05
634902 9e-06
634904 9e-06
634938 9e-06
634975 1.6e-05
636098 6.9e-05
636500 1.3e-05
636511 1.5e-05
640617 1.1e-05
641956 8e-06
641976 1e-05
642593 4e-06
642621 4e-06
642641 4e-06
642681 8e-06
642798 1.8e-05
642827 1.8e-05
642847 4e-06
642894 1.6e-05
642920 4e-06
642930 4e-06
643003 1.3e-05
643069 2.7e-05
643199 1.1e-05
643221 3.8e-05
643239 3e-05
643485 3.7e-05
643597 8e-06
643695 4e-06
643734 8e-06
643735 4e-06
643777 8e-06
644093 5.6e-05
644334 3e-05
644361 4e-06
644363 4e-06
644427 4e-06
644441 1.1e-05
644448 1.6e-05
644470 5.1e-05
644494 3.5e-05
644577 1.6e-05
644843 4e-06
645016 4e-06
645046 1.8e-05
645084 1.2e-05
645088 4e-06
645452 4e-06
645571 1.2e-05
645870 1.8e-05
645897 5.9e-05
646195 1.3e-05
646286 5.7e-05
646289 4e-06
646334 5e-05
646357 5e-05
646412 4e-06
646440 1e-05
646809 1e-05
646836 8e-06
646837 9e-06
646900 4e-06
646913 1.1e-05
647315 4e-06
647408 1.1e-05
647413 3.2e-05
647447 1.2e-05
648106 7e-05
648112 3.6e-05
648121 3.7e-05
648232 4e-06
648369 4e-06
649730 1.2e-05
649731 8e-06
649739 1.2e-05
649944 8e-06
650807 4e-06
650814 1.2e-05
650834 2.3e-05
653441 1e-05
653628 4e-06
654177 3.2e-05
654326 1.8e-05
654339 1.2e-05
654519 4e-06
656048 1.4e-05
656231 7e-06
662250 4e-06
662279 3.2e-05
662416 0.000111
662572 5.1e-05
671052 4e-06
671269 1.1e-05
671293 1.1e-05
672064 1.2e-05
672070 1.3e-05
672071 1.3e-05
675649 1.8e-05
675756 4e-06
675847 1.1e-05
682508 4e-06
682666 1.8e-05
682815 2.7e-05
683294 4e-06
683355 2.8e-05
683360 4e-06
683404 2.8e-05
684372 1.6e-05
684531 4e-06
684972 3.5e-05
684986 2.3e-05
686015 1.6e-05
686030 8e-06
686061 1.4e-05
686532 0.000199
686559 4.4e-05
687401 4e-06
688361 1e-05
688824 4e-06
688849 4e-06
689152 5.2e-05
689439 1.1e-05
693143 7e-06
694759 2.7e-05
695284 7e-06
696342 1.1e-05
696343 4e-06
696345 1.6e-05
696346 2e-05
703953 1.1e-05
708945 9e-06
709113 8e-06
709518 4e-06
711527 1e-05
711598 4.1e-05
711994 4e-06
714208 6e-06
714256 8e-06
714260 1.1e-05
714289 1e-05
714748 2.1e-05
714879 1.1e-05
714975 9e-06
733167 1.5e-05
733534 4e-06
733576 4e-06
734406 4e-06
735303 1e-05
735311 8e-06
737204 1.3e-05
738941 4e-06
739280 4e-06
739707 1e-05
739816 4e-06
746058 7e-06
751408 1.6e-05
752684 4e-06
753047 3.6e-05
753070 1.5e-05
753264 2.2e-05
753265 3.4e-05
754594 4e-06
755082 4e-06
755217 2e-05
756061 4e-06
762980 1e-05
763009 1.4e-05
763010 6e-06
763181 9e-06
767763 3.2e-05
779960 4e-06
782486 4e-06
785678 9e-06
787016 1.3e-05
801170 1.9e-05
814836 4e-06
815073 4e-06
815096 1.4e-05
817774 4e-06
820661 4e-06
820662 2.1e-05
824245 4e-06
851968 4e-06
853114 4e-06
853115 4e-06
853116 1.1e-05
853118 7e-06
853150 4e-06
853155 1.1e-05
854434 4e-06
884094 1.9e-05
892139 2.1e-05
899085 4e-06
899119 1.4e-05
907845 1.1e-05
911198 7e-05
917493 4.4e-05
919885 7e-06
928873 1.5e-05
943087 2.5e-05
948147 7e-06
948299 1e-05
948846 4e-06
949217 4.6e-05
949318 4e-06
949511 7e-06
950052 7e-06
950305 1.3e-05
950986 1.3e-05
954315 3.6e-05
964248 3e-05
975567 1.4e-05
976284 0.000158
976334 9e-06
987188 1.1e-05
987197 3.9e-05
989397 3.8e-05
990075 4e-06
1000012 5.3e-05
1022969 1.4e-05
1031453 4e-06
1050679 2.3e-05
1059953 5e-05
1061127 1.7e-05
1063773 4.4e-05
1071981 8e-06
1095507 2.1e-05
1102364 7e-06
1102400 2.7e-05
1102407 4e-06
1102442 1.1e-05
1102548 4e-06
1102550 2.2e-05
1102567 8e-06
1102625 2.1e-05
1102646 2e-05
1102751 2.3e-05
1102761 5.5e-05
1102794 4e-06
1102850 4.4e-05
1102873 1e-05
1103016 8e-06
1103031 8e-06
1103038 1e-05
1103162 1.6e-05
1103315 1.8e-05
1103383 2e-05
1103394 5.2e-05
1103499 4e-06
1103610 4e-06
1103676 2.6e-05
1103737 4.5e-05
1103960 6.7e-05
1103969 8e-06
1103979 1.4e-05
1103985 2.7e-05
1104007 0.000119
1104031 1.1e-05
1104055 1.9e-05
1104182 6e-06
1104191 4e-06
1104258 1e-05
1104261 1.1e-05
1104300 1.1e-05
1104379 2.2e-05
1104435 4e-06
1104449 2.3e-05
1104495 4e-06
1104647 8e-06
1104749 4e-06
1104769 8e-06
1104787 1e-05
1104809 2.5e-05
1104851 6e-06
1104946 8e-06
1104999 2.8e-05
1105011 1.1e-05
1105033 1.1e-05
1105062 4e-06
1105116 7e-06
1105148 6e-06
1105221 1.7e-05
1105231 4e-06
1105344 1.5e-05
1105360 4e-06
1105394 8e-06
1105428 1.2e-05
1105433 1e-05
1105450 5.7e-05
1105505 9e-06
1105530 2.5e-05
1105531 1.3e-05
1105574 9e-06
1105603 7e-06
1105622 4e-06
1105672 6e-06
1105698 1e-05
1105718 1e-05
1105764 1.7e-05
1105810 7e-06
1105877 1.1e-05
1105887 1.2e-05
1105932 1.8e-05
1106052 1.3e-05
1106103 1.1e-05
1106112 4e-06
1106172 4.9e-05
1106236 1.3e-05
1106287 1e-05
1106298 1.9e-05
1106330 5.6e-05
1106370 2.9e-05
1106388 4.9e-05
1106401 3.9e-05
1106406 1.9e-05
1106418 6.6e-05
1106492 5.4e-05
1106546 1.1e-05
1106547 1.3e-05
1106568 7e-06
1106630 4e-06
1106671 7e-06
1106764 1.5e-05
1106771 1.8e-05
1106789 8e-06
1106849 4e-06
1106854 4e-06
1106966 1.4e-05
1107010 1e-05
1107041 4e-06
1107062 1.9e-05
1107067 0.000103
1107095 5e-05
1107136 4e-06
1107140 7e-06
1107171 3.6e-05
1107215 1.3e-05
1107312 1.5e-05
1107319 0.0001
1107325 1.7e-05
1107355 1.8e-05
1107367 6e-06
1107385 1.1e-05
1107418 2.5e-05
1107455 1.5e-05
1107558 8e-06
1107567 0.000133
1107572 5.8e-05
1107674 2.4e-05
1107728 4e-06
1107808 4e-06
1107861 4e-06
1108050 8.5e-05
1108167 0.00012
1108169 8.4e-05
1108175 3.8e-05
1108209 1.3e-05
1108258 8e-06
1108267 1.6e-05
1108329 3.1e-05
1108363 2.1e-05
1108389 3.9e-05
1108551 2.4e-05
1108570 4e-06
1108597 8e-06
1108656 4e-06
1108728 1.8e-05
1108834 4e-05
1108841 6e-06
1109017 1.3e-05
1109185 1.3e-05
1109199 1.4e-05
1109208 8e-06
1109392 1.4e-05
1109439 4.1e-05
1109542 1.1e-05
1109566 4e-06
1109581 2.1e-05
1109830 1.9e-05
1109873 4e-06
1109891 4.8e-05
1109957 1.2e-05
1110000 1.7e-05
1110024 1.4e-05
1110028 2.6e-05
1110209 2.6e-05
1110256 5.6e-05
1110390 4e-06
1110426 3.8e-05
1110438 3.3e-05
1110494 4e-06
1110515 1.9e-05
1110520 3.7e-05
1110531 3.7e-05
1110546 2.4e-05
1110563 1e-05
1110579 1.3e-05
1110628 4e-06
1110768 2.5e-05
1110947 1.1e-05
1110950 4e-06
1110998 2.4e-05
1111052 1.4e-05
1111186 2.4e-05
1111230 1e-05
1111240 6e-05
1111265 4e-06
1111304 4.6e-05
1111614 4e-06
1111733 1.7e-05
1111788 1.5e-05
1111899 1.2e-05
1111978 4.7e-05
1112026 1e-05
1112071 4e-06
1112075 4e-06
1112099 5.4e-05
1112106 8.5e-05
1112194 8e-06
1112319 7e-05
1112369 1.4e-05
1112417 4e-06
1112426 1.2e-05
1112574 0.000113
1112650 4e-06
1112665 4e-06
1112686 4e-06
1112723 1.1e-05
1112767 7e-06
1112911 2.2e-05
1112929 2.7e-05
1113035 7.1e-05
1113084 4e-06
1113182 1.7e-05
1113438 1.7e-05
1113459 3e-05
1113534 1.3e-05
1113541 1e-05
1113551 2.3e-05
1113614 1.5e-05
1113739 7e-06
1113742 1.4e-05
1113828 3.3e-05
1113831 1e-05
1113852 1.1e-05
1113926 2.8e-05
1113934 1.3e-05
1113995 4e-06
1114118 1.3e-05
1114125 6e-06
1114153 7e-06
1114184 1e-05
1114192 0.000158
1114222 1.3e-05
1114239 9e-06
1114331 2e-05
1114336 1.5e-05
1114352 2.3e-05
1114364 8e-06
1114388 1.6e-05
1114398 2.4e-05
1114442 1.6e-05
1114502 3.3e-05
1114512 2e-05
1114526 6.7e-05
1114605 8e-06
1114629 1.3e-05
1114664 4e-06
1114777 1.8e-05
1114838 4e-06
1114864 1.5e-05
1114992 1.6e-05
1115166 4e-06
1115291 4.7e-05
1115375 1.9e-05
1115456 2e-05
1115471 3.1e-05
1115670 3.8e-05
1115677 2.2e-05
1115701 9e-06
1115790 1.2e-05
1115886 6e-06
1115959 8e-06
1116044 1.1e-05
1116146 1.6e-05
1116181 1e-05
1116268 2.9e-05
1116328 4.4e-05
1116336 2.2e-05
1116347 7e-06
1116397 1.5e-05
1116410 1.8e-05
1116530 4e-06
1116569 1.7e-05
1116594 4e-06
1116629 1.4e-05
1116835 4e-06
1116839 8e-06
1116842 4e-06
1116922 1.7e-05
1116974 1.8e-05
1117049 4e-06
1117089 1.6e-05
1117184 1.7e-05
1117219 5.1e-05
1117249 2.6e-05
1117348 8e-06
1117476 8e-06
1117501 1.1e-05
1117618 6e-06
1117653 8e-06
1117760 1.7e-05
1117786 3.6e-05
1117833 1.4e-05
1117920 2.4e-05
1117942 1e-05
1118017 7e-06
1118083 9.7e-05
1118092 2.4e-05
1118120 4e-06
1118209 6.1e-05
1118245 1.1e-05
1118286 4e-06
1118302 6e-06
1118332 1.9e-05
1118347 9e-06
1118388 2.6e-05
1118546 1.3e-05
1118658 3.8e-05
1118764 4.6e-05
1118823 8e-06
1118848 1.8e-05
1119004 4e-06
1119078 1.4e-05
1119140 1.3e-05
1119178 1.7e-05
1119180 8e-06
1119211 7e-06
1119216 8e-06
1119295 1.7e-05
1119471 9.9e-05
1119505 6e-06
1119623 8e-06
1119654 4e-06
1119671 8e-06
1119708 1.4e-05
1119742 4e-06
1119751 8e-06
1119987 4.1e-05
1120019 4e-06
1120020 1.1e-05
1120049 4.9e-05
1120059 3.3e-05
1120084 3e-05
1120138 1.2e-05
1120169 2.8e-05
1120170 8e-06
1120197 8e-05
1120211 4e-06
1120252 4e-06
1120431 1.4e-05
1120444 2.7e-05
1120563 2.8e-05
1120643 9.2e-05
1120650 3.7e-05
1120713 1.5e-05
1120731 1.5e-05
1120777 2.2e-05
1120786 2.5e-05
1120858 9.4e-05
1120866 4e-06
1120880 4e-06
1120962 1.9e-05
1121057 4e-06
1121063 2.6e-05
1121176 1.1e-05
1121254 1.3e-05
1121313 2.1e-05
1121398 8e-06
1121459 2.1e-05
1121537 6.7e-05
1121569 5.5e-05
1121603 2e-05
1121659 9e-06
1121739 1e-05
1121867 3.2e-05
1122304 4e-06
1122425 1.4e-05
1122460 1.3e-05
1122574 4e-06
1122580 8e-06
1122642 3.1e-05
1122704 9e-06
1123068 1.1e-05
1123087 2.4e-05
1123093 8e-06
1123188 0.000139
1123215 4e-06
1123239 8.5e-05
1123493 4e-06
1123530 3.1e-05
1123553 7e-06
1123576 4.4e-05
1123689 1.8e-05
1123756 9e-06
1123867 4.5e-05
1123926 1.5e-05
1123991 4e-06
1124837 4e-06
1124844 8.5e-05
1125082 7e-06
1125092 8e-06
1125258 4e-06
1125386 2.9e-05
1125393 1.6e-05
1125402 6e-06
1125467 1.3e-05
1125469 2.2e-05
1125492 9e-06
1125597 7e-06
1125895 7e-06
1125906 1.6e-05
1125909 1.9e-05
1125944 6e-06
1125953 1.2e-05
1125992 3.2e-05
1125993 7e-06
1126011 4e-06
1126012 4e-06
1126029 9e-06
1126037 7e-06
1126044 2.9e-05
1126050 4e-06
1126315 4e-06
1126350 6.8e-05
1126503 8e-06
1127430 1.1e-05
1127530 8e-06
1127541 8e-06
1127551 4e-06
1127558 4e-06
1127566 6e-06
1127619 1.7e-05
1127657 4e-06
1127810 9e-06
1127812 2.4e-05
1127851 3e-05
1127863 3.3e-05
1127913 1.6e-05
1128151 6e-06
1128198 8e-06
1128201 1.1e-05
1128204 4.6e-05
1128208 8.5e-05
1128227 1.9e-05
1128256 8e-06
1128267 1e-05
1128291 1.7e-05
1128314 1.1e-05
1128319 2.2e-05
1128369 2e-05
1128407 6e-06
1128425 1.7e-05
1128430 3.8e-05
1128437 1.1e-05
1128453 1.6e-05
1128531 4.1e-05
1128536 2.8e-05
1128542 4e-06
1128839 7e-06
1128846 7e-06
1128853 4e-06
1128856 2.6e-05
1128868 7e-06
1128881 4e-06
1128927 4e-06
1128935 1.9e-05
1128943 1.5e-05
1128945 6e-06
1128946 2.6e-05
1128959 9e-06
1128974 2.4e-05
1128975 2e-05
1128977 7e-06
1128978 1.5e-05
1128982 1.6e-05
1128985 3e-05
1128990 1.5e-05
1128997 1.9e-05
1129015 6e-06
1129018 1.3e-05
1129021 4e-06
1129027 1.1e-05
1129040 4e-06
1129096 7e-06
1129106 1.1e-05
1129111 2.5e-05
1129208 1.5e-05
1129243 1.1e-05
1129367 4e-06
1129368 4e-06
1129369 4e-06
1129442 0.000162
1129443 4e-06
1129494 4e-06
1129518 1.1e-05
1129570 1.2e-05
1129572 6.2e-05
1129573 1.6e-05
1129608 4.4e-05
1129610 1.6e-05
1129621 1e-05
1129629 1.7e-05
1129683 1.4e-05
1129778 2.1e-05
1129798 4e-06
1129835 1.8e-05
1129907 1.5e-05
1129994 4.3e-05
1130069 4e-06
1130080 4e-06
1130243 4e-06
1130356 4e-06
1130454 8e-06
1130539 2.5e-05
1130567 2.1e-05
1130568 9e-06
1130586 9e-06
1130600 8e-06
1130634 5.8e-05
1130637 4e-06
1130653 8e-06
1130657 8e-06
1130676 2.6e-05
1130678 8e-06
1130680 8e-06
1130780 1.5e-05
1130808 1.2e-05
1130847 1.2e-05
1130856 9e-06
1130915 1.2e-05
1130927 1.8e-05
1130929 4e-05
1130931 1.8e-05
1130934 1.6e-05
1131116 1.3e-05
1131137 2.2e-05
1131149 7e-06
1131150 1.1e-05
1131163 4e-06
1131164 4e-06
1131165 4e-06
1131167 2e-05
1131172 2.1e-05
1131180 1.8e-05
1131184 8e-06
1131189 1.6e-05
1131192 1.2e-05
1131195 4e-06
1131198 1.2e-05
1131223 2.2e-05
1131230 1.1e-05
1131236 5.6e-05
1131257 1.6e-05
1131258 2.8e-05
1131266 4e-06
1131267 8e-06
1131270 1.6e-05
1131274 1.3e-05
1131277 1.1e-05
1131300 8e-06
1131301 5.9e-05
1131305 2.3e-05
1131312 5.2e-05
1131314 3.4e-05
1131330 4e-06
1131334 3.6e-05
1131335 3e-05
1131345 4.4e-05
1131348 1.3e-05
1131359 7e-06
1131360 2.7e-05
1131374 1.7e-05
1131414 4e-06
1131420 7e-05
1131421 6.8e-05
1131464 2.7e-05
1131466 1.3e-05
1131471 4.1e-05
1131549 1e-05
1131550 2.2e-05
1131557 6e-06
1131565 1.3e-05
1131607 1.6e-05
1131611 7.2e-05
1131634 1.6e-05
1131639 8e-06
1131647 7e-06
1131719 2.4e-05
1131728 5.9e-05
1131734 9e-06
1131741 2.3e-05
1131745 8e-06
1131748 7e-06
1131752 1.1e-05
1131754 4e-06
1131828 1.7e-05
1132073 4e-06
1132083 5.1e-05
1132157 4e-06
1132285 3.5e-05
1132385 7.9e-05
1132406 8e-06
1132416 4e-06
1132418 2.7e-05
1132434 1.3e-05
1132443 3.1e-05
1132459 2.3e-05
1132461 5.2e-05
1132486 1.6e-05
1132505 1.3e-05
1132706 1.7e-05
1132731 4e-06
1132809 4e-06
1132815 1.5e-05
1132857 8e-06
1132864 4e-06
1132887 4e-06
1132922 4e-06
1132948 1.2e-05
1132968 5.7e-05
1133004 4.4e-05
1133008 4e-06
1133010 1e-05
1133028 1.6e-05
1133047 1e-05
1133196 6e-06
1133338 2.7e-05
1133390 4e-06
1133417 2.6e-05
1133428 8e-06
1133469 7e-06
1133846 8.5e-05
1133930 4e-06
1134022 2.8e-05
1134031 8e-06
1134056 4e-06
1134197 4e-06
1134320 4e-06
1134346 9e-06
1134348 8e-06
1134865 0.000132
1135082 7e-06
1135108 4.1e-05
1135115 7e-06
1135122 8e-06
1135125 1.3e-05
1135137 1.6e-05
1135345 1e-05
1135358 1.2e-05
1135368 4e-06
1135455 4e-06
1135589 4e-06
1135746 0.00011
1135750 2.1e-05
1135894 6e-06
1135899 1.5e-05
1135955 4e-06
1136040 4e-06
1136110 4e-06
1136310 4e-06
1136342 1e-05
1136393 2.6e-05
1136397 2.8e-05
1136422 7e-06
1136442 4e-06
1136446 2.3e-05
1136447 2.3e-05
1136449 1.4e-05
1136631 2.5e-05
1136634 1.5e-05
1136791 1.7e-05
1136814 3e-05
1137140 4e-06
1137466 6e-06
1138027 1.5e-05
1138043 4e-06
1138091 8e-06
1138619 4e-06
1138755 2.1e-05
1138968 1.4e-05
1138970 4e-06
1139009 4e-06
1139195 1.1e-05
1139928 4e-05
1140040 1.3e-05
1140230 8e-06
1140231 6e-06
1140289 1.3e-05
1140543 5e-06
1140547 7e-06
1140548 4e-06
1152075 4e-06
1152143 1.8e-05
1152150 5.9e-05
1152162 5.8e-05
1152179 4e-06
1152194 1.3e-05
1152244 1.8e-05
1152259 1.9e-05
1152272 5.8e-05
1152277 1.4e-05
1152290 2.8e-05
1152307 3.3e-05
1152308 5.4e-05
1152358 1.1e-05
1152379 4.4e-05
1152394 4e-06
1152421 1.1e-05
1152436 8e-06
1152448 3.3e-05
1152490 2.1e-05
1152508 6e-06
1152564 3.1e-05
1152569 9e-06
1152633 1.6e-05
1152663 1.1e-05
1152673 1.4e-05
1152676 6e-06
1152711 1.1e-05
1152714 7e-06
1152740 1.4e-05
1152761 1.2e-05
1152821 4e-06
1152858 4e-06
1152859 4e-06
1152896 1.6e-05
1152904 5.8e-05
1152910 4e-06
1152917 2.9e-05
1152944 1.2e-05
1152958 1.8e-05
1152959 1e-05
1152975 3.3e-05
1152991 1.9e-05
1153003 2.4e-05
1153014 4e-06
1153024 7e-06
1153031 5e-06
1153056 6e-06
1153064 3.1e-05
1153065 2.7e-05
1153091 6e-06
1153097 3.1e-05
1153101 6e-06
1153106 4e-06
1153148 2.5e-05
1153150 6e-06
1153160 4.4e-05
1153166 7e-06
1153169 5e-05
1153183 6.5e-05
1153195 1.1e-05
1153254 1.7e-05
1153262 4.5e-05
1153264 4e-06
1153275 9e-06
1153280 1.1e-05
1153287 6e-06
1153577 5.9e-05
1153703 3.3e-05
1153724 7e-06
1153728 7e-06
1153736 4e-06
1153784 1.1e-05
1153786 1.2e-05
1153811 3.7e-05
1153816 1.6e-05
1153853 1.6e-05
1153860 1.2e-05
1153861 2.1e-05
1153866 2.8e-05
1153877 8e-06
1153879 8e-06
1153889 8e-06
1153891 3.6e-05
1153896 6e-06
1153897 2.1e-05
1153899 1.7e-05
1153900 1.1e-05
1153922 1.4e-05
1153933 7e-06
1153942 7e-06
1153943 2.2e-05
1153945 8e-06
1153946 4e-06
1154012 8e-06
1154042 8e-06
1154068 1.1e-05
1154071 5e-06
1154074 4.4e-05
1154076 1.7e-05
1154103 8e-05
1154123 3e-05
1154124 3e-05
1154169 7e-06
1154173 4e-06
1154176 4.6e-05
1154229 8e-06
1154230 6e-06
1154232 2e-05
1154233 1.5e-05
1154251 1.4e-05
1154276 2.3e-05
1154459 1.1e-05
1154500 4e-06
1154520 4e-06
1154524 1.1e-05
1154525 1.1e-05
1155073 4.5e-05
