1113742 0.000891
1153853 0.000891
578645 0.000891
578649 0.000891
1128319 0.000891
1128977 0.00089
1128291 0.00089
116553 0.00089
578650 0.00089
246618 0.00089
116545 0.00089
467383 0.00089
1118209 0.000876
27203 0.000875
148399 0.000875
1106418 0.000875
86258 0.000874
595056 0.000874
28456 0.000874
57119 0.000874
647413 0.000874
1129570 0.000874
1152676 0.000874
647408 0.000874
592975 0.000874
592986 0.000874
593060 0.000874
606647 0.000874
1153942 0.000874
1132731 0.000874
1131360 0.000874
646900 0.000874
646913 0.000873
307656 0.000873
1131359 0.000873
270085 0.000873
1114526 0.000872
1118658 0.000872
164 0.000872
57948 0.000871
57922 0.000871
1119471 0.000871
42221 0.000871
12169 0.000871
989397 0.000871
248119 0.000871
27199 0.000871
42209 0.000871
4637 0.00087
93273 0.00087
12194 0.00087
1115456 0.00087
87482 0.00087
34266 0.00087
1106771 0.00087
1116974 0.00087
45533 0.00087
1122642 0.000869
34263 0.000869
90655 0.000869
1104495 0.000869
213246 0.000869
1106568 0.000869
1152150 0.000868
75983 0.000868
1115790 0.000868
801170 0.000867
1128453 0.000867
1153899 0.000867
1130915 0.000867
1153784 0.000867
1153900 0.000867
594511 0.000867
289780 0.000867
227286 0.000866
628764 0.000866
1128437 0.000865
1107418 0.000865
69296 0.000865
206371 0.000865
299197 0.000865
289779 0.000865
289781 0.000865
578646 0.000865
582349 0.000865
593210 0.000865
178718 0.000865
85324 0.000865
1110546 0.000865
950986 0.000865
1154103 0.000865
1132083 0.000865
1114239 0.000865
593209 0.000864
582343 0.000864
628751 0.000864
1110515 0.000864
578898 0.000864
104840 0.000864
1102751 0.000864
169280 0.000864
1107171 0.000864
58436 0.000864
1153091 0.000864
1102646 0.000864
46452 0.000864
431206 0.000864
108047 0.000864
177998 0.000864
99025 0.000864
469504 0.000864
8696 0.000864
683355 0.000864
1111240 0.000864
583318 0.000864
1153003 0.000864
87417 0.000864
28336 0.000864
662572 0.000864
1105574 0.000864
582139 0.000864
1108167 0.000864
683404 0.000864
84459 0.000864
330208 0.000864
189623 0.000864
1123530 0.000863
82087 0.000863
193918 0.000863
270600 0.000863
58453 0.000863
1128425 0.000863
385251 0.000863
1123188 0.000863
1153262 0.000863
68224 0.000863
5454 0.000863
1130680 0.000863
6238 0.000863
6539 0.000863
711527 0.000863
459206 0.000863
1154068 0.000863
1102761 0.000863
643597 0.000863
38000 0.000863
1115291 0.000863
1104379 0.000863
643695 0.000863
1114838 0.000863
1127812 0.000863
9716 0.000863
216878 0.000863
334153 0.000863
1153811 0.000863
10793 0.000863
1123991 0.000863
1130356 0.000863
1117618 0.000863
1136791 0.000863
662416 0.000863
169279 0.000863
1117219 0.000863
42848 0.000863
1120084 0.000862
158812 0.000862
28674 0.000862
1155073 0.000862
216877 0.000862
949217 0.000862
12247 0.000862
444240 0.000862
593240 0.000862
1108169 0.000862
33303 0.000862
6910 0.000862
263486 0.000862
1118302 0.000862
1116181 0.000862
1113614 0.000862
1116835 0.000862
1113182 0.000862
1117760 0.000862
144679 0.000862
481073 0.000862
1131549 0.000862
101145 0.000862
285675 0.000862
1112929 0.000862
87363 0.000862
119761 0.000862
385572 0.000862
911198 0.000862
1112767 0.000862
1131464 0.000862
284025 0.000862
143801 0.000862
20972 0.000862
1128201 0.000862
815096 0.000862
1022969 0.000862
1128856 0.000862
33301 0.000862
708945 0.000862
1114512 0.000862
263482 0.000862
263553 0.000862
1126503 0.000862
25805 0.000862
1111186 0.000862
1114398 0.000862
193932 0.000862
134060 0.000862
8821 0.000862
628766 0.000862
1130568 0.000862
1130586 0.000862
650807 0.000862
285687 0.000862
1105450 0.000862
23545 0.000862
1128227 0.000862
128540 0.000862
387795 0.000862
1111304 0.000862
1109199 0.000862
139547 0.000862
353541 0.000861
593328 0.000861
1131565 0.000861
134128 0.000861
576795 0.000861
634975 0.000861
1131116 0.000861
118436 0.000861
254923 0.000861
1131557 0.000861
1118388 0.000861
1110024 0.000861
1154076 0.000861
399370 0.000861
1105764 0.000861
60169 0.000861
1113459 0.000861
626999 0.000861
226698 0.000861
1131741 0.000861
1130676 0.000861
1120650 0.000861
368605 0.000861
1105718 0.000861
35863 0.000861
299195 0.000861
567018 0.000861
205196 0.000861
1103960 0.000861
191222 0.000861
50838 0.000861
166989 0.000861
1110028 0.000861
1121063 0.000861
1108834 0.000861
1131198 0.000861
66596 0.000861
27230 0.000861
1128256 0.000861
1113828 0.000861
416455 0.000861
1105116 0.000861
1114992 0.000861
1127810 0.000861
591017 0.000861
643777 0.000861
594649 0.000861
46470 0.000861
1128531 0.000861
220420 0.000861
1140289 0.000861
1112369 0.000861
444191 0.000861
654326 0.000861
1108209 0.000861
574710 0.000861
1105221 0.000861
193931 0.000861
272720 0.000861
46431 0.000861
1129907 0.000861
192850 0.000861
28389 0.000861
593248 0.000861
82090 0.000861
509315 0.000861
263069 0.000861
118424 0.000861
118435 0.000861
286513 0.000861
166825 0.000861
59244 0.000861
1113541 0.000861
647315 0.000861
60159 0.000861
72406 0.000861
1107095 0.000861
1122304 0.000861
280876 0.000861
595063 0.000861
1128975 0.000861
192870 0.000861
71336 0.000861
93320 0.000861
28359 0.000861
1109208 0.000861
815073 0.000861
191216 0.000861
249421 0.000861
684372 0.000861
160705 0.000861
58552 0.000861
1105530 0.000861
1114118 0.000861
1122460 0.000861
25794 0.000861
1154276 0.000861
975567 0.000861
139738 0.000861
1131639 0.000861
69284 0.000861
567005 0.000861
272345 0.000861
643734 0.000861
362926 0.000861
1118347 0.000861
1153577 0.000861
1114336 0.000861
1152663 0.000861
1113831 0.000861
11337 0.000861
1125953 0.000861
1109957 0.000861
31043 0.000861
1129208 0.000861
1110531 0.000861
1135115 0.000861
37879 0.000861
1107067 0.000861
1129778 0.000861
593091 0.000861
590022 0.000861
1128314 0.000861
1130847 0.000861
594900 0.000861
1119505 0.000861
1131752 0.000861
1110579 0.000861
1111978 0.000861
593201 0.000861
1050679 0.000861
242637 0.000861
1131374 0.000861
273949 0.000861
1385 0.000861
1107355 0.000861
1152740 0.000861
1116410 0.000861
42847 0.000861
62333 0.000861
17363 0.000861
654339 0.000861
1121739 0.000861
636098 0.000861
1135358 0.000861
1115375 0.000861
390922 0.000861
37998 0.000861
25184 0.000861
1106547 0.000861
1113035 0.000861
6152 0.000861
241133 0.000861
1111230 0.000861
1122704 0.000861
199571 0.000861
1128267 0.000861
34257 0.000861
45599 0.000861
5038 0.000861
66809 0.000861
102061 0.000861
103529 0.000861
1112319 0.000861
1113926 0.000861
148341 0.000861
177993 0.000861
180399 0.000861
1128997 0.000861
1132418 0.000861
1109392 0.000861
82098 0.000861
18582 0.000861
1115886 0.000861
1106966 0.000861
1118092 0.000861
1132461 0.000861
4584 0.000861
1153148 0.000861
1131634 0.000861
1105505 0.000861
1153922 0.000861
39474 0.000861
643199 0.000861
459214 0.000861
1128959 0.000861
1152162 0.000861
1152272 0.000861
1152904 0.000861
595193 0.000861
1103383 0.000861
1128369 0.000861
72101 0.000861
385067 0.000861
1130927 0.000861
1130931 0.000861
192734 0.000861
157805 0.000861
1152958 0.000861
552469 0.000861
1123867 0.000861
195361 0.000861
218410 0.000861
591016 0.000861
284414 0.00086
520471 0.00086
18313 0.00086
219239 0.00086
1113934 0.00086
684531 0.00086
243274 0.00086
1114364 0.00086
1118083 0.00086
119712 0.00086
245288 0.00086
248395 0.00086
1114629 0.00086
135130 0.00086
1129573 0.00086
61073 0.00086
114 0.00086
390693 0.00086
1105033 0.00086
601567 0.00086
593329 0.00086
31097 0.00086
46536 0.00086
390894 0.00086
1365 0.00086
325497 0.00086
1481 0.00086
1095507 0.00086
188471 0.00086
628500 0.00086
1130600 0.00086
643735 0.00086
1131828 0.00086
1131466 0.00086
309476 0.00086
589923 0.00086
1127863 0.00086
1128839 0.00086
217852 0.00086
55403 0.00086
1153866 0.00086
1116347 0.00086
248431 0.00086
1113739 0.00086
62347 0.00086
217984 0.00086
7022 0.00086
118559 0.00086
919885 0.00086
1125082 0.00086
1118017 0.00086
13960 0.00086
976334 0.00086
782486 0.00086
63832 0.00086
1104999 0.00086
1116922 0.00086
1115471 0.00086
1031453 0.00086
1107674 0.00086
13717 0.00086
575795 0.00086
1071981 0.00086
502574 0.00086
23258 0.00086
3243 0.00086
1125993 0.00086
734406 0.00086
74427 0.00086
1108841 0.00086
28287 0.00086
434 0.00086
613409 0.00086
28278 0.00086
1129994 0.00086
124064 0.00086
6155 0.00086
6216 0.00086
6196 0.00086
735311 0.00086
2653 0.00086
1128982 0.00086
38480 0.00086
117315 0.00086
1106052 0.00086
128 0.00086
1694 0.00086
579108 0.00086
12558 0.00086
375605 0.00086
1152569 0.00086
168410 0.00086
755217 0.00086
95198 0.00086
943087 0.00086
89335 0.00086
907845 0.00086
117 0.00086
193742 0.00086
687401 0.00086
1120059 0.00086
219976 0.00086
594025 0.00086
1123689 0.00086
1133010 0.00086
1153031 0.00086
1110947 0.00086
1104769 0.00086
6214 0.00086
1104055 0.00086
6209 0.00086
17242 0.00086
4660 0.00086
65653 0.00086
13885 0.00086
350362 0.00086
1119140 0.00086
325314 0.00086
28485 0.00086
132806 0.00086
28471 0.00086
5966 0.00086
30895 0.00086
18615 0.00086
22875 0.00086
1117089 0.00086
96845 0.00086
55968 0.00086
161221 0.00086
1103315 0.00086
341188 0.00086
1102625 0.00086
1136449 0.00086
144212 0.00086
32083 0.00086
1126029 0.00086
6210 0.00086
250566 0.00086
39403 0.00086
345340 0.00086
503871 0.00086
218666 0.00086
12946 0.00086
1108267 0.00086
6184 0.00086
91975 0.00086
28387 0.00086
10798 0.00086
12199 0.00086
1131550 0.00086
1126350 0.00086
1117786 0.00086
1113995 0.00086
1117942 0.00086
6151 0.00086
6213 0.00086
1136422 0.00086
1152143 0.00086
1272 0.00086
560936 0.00086
1108389 0.00086
30901 0.00086
167656 0.00086
1152244 0.00086
1118848 0.00086
8213 0.00086
127940 0.00086
1116397 0.00086
1116569 0.00086
954315 0.00086
1120858 0.00086
1110520 0.00086
6220 0.00086
28491 0.00086
1129111 0.00086
13136 0.00086
67292 0.00086
94953 0.00086
1132443 0.00086
1114352 0.00086
1106172 0.00086
18777 0.00086
415693 0.00086
1135125 0.00086
1102550 0.00086
1114388 0.00086
1107455 0.00086
1111052 0.00086
1106406 0.00086
58540 0.00086
28227 0.00086
28350 0.00086
568045 0.00086
8699 0.00086
97892 0.00086
1110998 0.00086
39124 0.00086
188318 0.00086
1131734 0.00086
36167 0.00086
10796 0.00086
1130567 0.00086
1120020 0.00086
308003 0.00086
628815 0.00086
33013 0.00086
13917 0.00086
293285 0.00086
35922 0.00086
69392 0.00086
6170 0.00086
1118245 0.00086
2654 0.00086
180373 0.00086
28202 0.00086
1123093 0.00086
1114125 0.00086
521207 0.00086
1112911 0.00086
1152944 0.00086
1106112 0.00086
6771 0.00086
4649 0.00086
130 0.00086
88356 0.00086
656048 0.00086
69397 0.00086
1120962 0.00086
24966 0.00086
1118332 0.00086
30973 0.00086
1000012 0.00086
1102873 0.00086
96335 0.00086
28957 0.00086
1120713 0.00086
1120170 0.00086
1128974 0.00086
1114864 0.00086
65650 0.00086
47570 0.00086
112813 0.00086
259772 0.00086
566488 0.00086
1108597 0.00086
1116839 0.00086
1119180 0.00086
1130653 0.00086
1130657 0.00086
1138091 0.00086
1153877 0.00086
1153879 0.00086
1153889 0.00086
200480 0.00086
1107861 0.00086
340075 0.00086
1152959 0.00086
175291 0.00086
1135137 0.00086
20857 0.00086
189577 0.00086
436796 0.00086
1108329 0.00086
1106298 0.00086
3217 0.00086
120084 0.00086
157761 0.00086
1121659 0.00086
17476 0.00086
23502 0.00086
49482 0.00086
83826 0.00086
948299 0.00086
3229 0.00086
1120563 0.00086
149669 0.00086
90888 0.00086
157401 0.00086
323128 0.00086
949511 0.00086
1131647 0.00086
1131748 0.00086
1154169 0.00086
7297 0.00086
1117184 0.00086
91581 0.00086
6378 0.00086
7276 0.00086
1106287 0.00086
27623 0.00086
562123 0.00086
368431 0.00086
28487 0.00086
417017 0.00086
5055 0.00086
28447 0.00086
7432 0.00086
1105394 0.00086
64484 0.00086
136665 0.00086
191404 0.00086
1132968 0.00086
1117653 0.00086
12576 0.00086
197783 0.00086
52835 0.00086
1120211 0.00086
23507 0.00086
1116842 0.00086
1125906 0.00086
1152075 0.00086
1119751 0.00086
27631 0.00086
181782 0.00086
6917 0.00086
18619 0.00086
230300 0.00086
521269 0.00086
184918 0.00086
1122425 0.00086
672064 0.00086
28249 0.00086
1108363 0.00086
1121313 0.00086
649731 0.00086
23448 0.00086
56709 0.00086
330148 0.00086
950052 0.00086
950305 0.00086
1114153 0.00086
1109439 0.00086
1118764 0.00086
1107312 0.00086
139865 0.00086
171225 0.00086
340299 0.00086
1116594 0.00086
1108050 0.00086
39904 0.00086
1114605 0.00086
1131745 0.00086
22835 0.00086
26850 0.00086
77758 0.00086
85299 0.00086
93555 0.00086
237521 0.00086
641976 0.00086
648232 0.00086
853150 0.00086
948846 0.00086
949318 0.00086
1102407 0.00086
1105062 0.00086
1110494 0.00086
1120866 0.00086
1129443 0.00086
1132922 0.00086
1135368 0.00086
1136442 0.00086
1152821 0.00086
92065 0.00086
131318 0.00086
1119295 0.00086
4335 0.00086
1123553 0.00086
112378 0.00086
8875 0.00086
628668 0.00086
1116268 0.00086
33904 0.00086
735303 0.00086
976284 0.00086
1106630 0.00086
6224 0.00086
1104182 0.00086
20528 0.00086
1108551 0.00086
81722 0.00086
646837 0.00086
1152277 0.00086
1152673 0.00086
1154251 0.00086
1153891 0.00086
463825 0.00086
1129243 0.00086
137873 0.00086
28254 0.00086
1136814 0.00086
1102567 0.00086
4878 0.00086
399173 0.00086
1111614 0.00086
20942 0.00086
167670 0.00086
308529 0.00086
1154176 0.00086
575331 0.00086
66805 0.00086
116552 0.00086
1999 0.00086
594543 0.00086
576725 0.00086
694759 0.00086
1103985 0.00086
1129018 0.00086
1133338 0.00086
1153065 0.00086
1128204 0.00086
1153169 0.00086
634902 0.00086
634904 0.00086
634938 0.00086
1130856 0.00086
561238 0.00086
574462 0.00086
1127430 0.00086
1129027 0.00086
335733 0.00086
15670 0.00086
46079 0.00086
148170 0.00086
178727 0.00086
574009 0.00086
574264 0.00086
577227 0.00086
592973 0.00086
1128945 0.00086
1137466 0.00086
1152508 0.00086
59798 0.00086
41666 0.00086
75674 0.00086
94713 0.00086
31769 0.00086
27543 0.00086
129287 0.00086
906 0.00086
8703 0.00086
1125402 0.00086
1125944 0.00086
1106388 0.00086
20593 0.00086
13686 0.00086
48766 0.00086
18773 0.00086
328370 0.00086
6385 0.00086
118260 0.00086
102406 0.00086
1121867 0.00086
255233 0.00086
243483 0.00086
39127 0.00086
13213 0.00086
6125 0.00086
96847 0.00086
509233 0.00086
1133047 0.00086
6215 0.00086
6163 0.00086
28542 0.00086
211875 0.00086
1107325 0.00086
682666 0.00086
686061 0.00086
1109542 0.00086
3222 0.00086
595157 0.00086
1153056 0.00086
66794 0.00086
1128151 0.00086
131042 0.00086
1123068 0.00086
3223 0.00086
1131607 0.00086
103537 0.00086
395540 0.00086
25772 0.00086
212930 0.00086
396412 0.00086
116790 0.00086
13966 0.00086
892139 0.00086
63477 0.00086
1135108 0.00086
81350 0.00086
153598 0.00086
1107062 0.00086
1116336 0.00086
95579 0.00086
1120731 0.00086
20526 0.00086
318187 0.00086
137849 0.00086
307336 0.00086
56708 0.00086
1136393 0.00086
733167 0.00086
52784 0.00086
18251 0.00086
32872 0.00086
31932 0.00086
1127851 0.00086
116528 0.00086
240321 0.00086
3235 0.00086
1103610 0.00086
3236 0.00086
13193 0.00086
1114502 0.00086
649730 0.00086
649739 0.00086
854434 0.00086
17208 0.00086
628667 0.00086
1153933 0.00086
43639 0.00086
630817 0.00086
686015 0.00086
28641 0.00086
267003 0.00086
1110438 0.00086
1120169 0.00086
1152290 0.00086
13195 0.00086
86840 0.00086
601561 0.00086
170338 0.00086
1107558 0.00086
27895 0.00086
294030 0.00086
1105932 0.00086
3218 0.00086
593260 0.00086
129897 0.00086
321861 0.00086
1120431 0.00086
17201 0.00086
22876 0.00086
3232 0.00086
59045 0.00086
107177 0.00086
399339 0.00086
1106370 0.00086
577331 0.00086
95589 0.00086
1128946 0.00086
206259 0.00086
289885 0.00086
1109581 0.00086
30817 0.00086
1112026 0.00086
259126 0.00086
28412 0.00086
424 0.00086
1131137 0.00086
68463 0.00086
79817 0.00086
35061 0.00086
189708 0.00086
650834 0.00086
1120444 0.00086
13212 0.00086
120013 0.00086
1114222 0.00086
31479 0.00086
36162 0.00086
24974 0.00086
39126 0.00086
46491 0.00086
28230 0.00086
105899 0.00086
19231 0.00086
1110390 0.00086
70520 0.00086
1124844 0.00086
3237 0.00086
1115670 0.00086
27250 0.00086
8617 0.00086
688849 0.00086
447250 0.00086
429781 0.00086
1129096 0.00086
6784 0.00086
1104851 0.00086
910 0.00086
1105344 0.00086
20534 0.00086
27174 0.00086
6941 0.00086
25181 0.00086
187354 0.00086
1246 0.00086
118259 0.00086
7419 0.00086
83461 0.00086
1152194 0.00086
48550 0.00086
92589 0.00086
45605 0.00086
73146 0.00086
1237 0.00086
27632 0.00086
575292 0.00086
686030 0.00086
1136397 0.00086
411092 0.00086
101662 0.00086
1153064 0.00086
1103737 0.00086
688361 0.00086
1119178 0.00086
1026 0.00086
239800 0.00086
1103676 0.00086
1154123 0.00086
1154124 0.00086
173884 0.00086
56119 0.00086
197452 0.00086
6217 0.00086
1126044 0.00086
1131611 0.00086
1153943 0.00086
141868 0.00086
189574 0.00086
83725 0.00086
20584 0.00086
229635 0.00086
29492 0.00086
39165 0.00086
1131149 0.00086
14529 0.00086
277263 0.00086
1123087 0.00086
449841 0.00086
308232 0.00086
6343 0.00086
1140547 0.00086
1106671 0.00086
1125597 0.00086
31863 0.00086
521183 0.00086
1107572 0.00086
1140543 0.00086
1122580 0.00086
445938 0.00086
119956 0.00086
346292 0.00086
964248 0.00086
82920 0.00086
200630 0.00086
510718 0.00086
1115677 0.00086
28489 0.00086
1123926 0.00086
22241 0.00086
103531 0.00086
459216 0.00086
1136342 0.00086
1125895 0.00086
23774 0.00086
10981 0.00086
18774 0.00086
212777 0.00086
8872 0.00086
10183 0.00086
20193 0.00086
252715 0.00086
1154500 0.00086
6782 0.00086
66594 0.00086
284023 0.00086
31483 0.00086
6741 0.00086
93923 0.00086
85452 0.00086
411005 0.00086
22886 0.00086
25791 0.00086
12337 0.00086
6923 0.00086
1105672 0.00086
293271 0.00086
28385 0.00086
1102400 0.00086
85688 0.00086
631052 0.00086
390896 0.00086
79809 0.00086
55770 0.00086
66982 0.00086
416964 0.00086
1113551 0.00086
57764 0.00086
1152910 0.00086
35343 0.00086
49843 0.00086
260121 0.00086
592830 0.00086
1112686 0.00086
28473 0.00086
1131150 0.00086
1103162 0.00086
31105 0.00086
173863 0.00086
1153101 0.00086
1153150 0.00086
1130934 0.00086
1133028 0.00086
28290 0.00086
592826 0.00086
1126037 0.00086
1152761 0.00086
1153860 0.00086
6169 0.00086
263279 0.00086
1114777 0.00086
1123756 0.00086
1105531 0.00086
1125386 0.00086
27530 0.00086
1106492 0.00086
40886 0.00086
261040 0.00086
1131267 0.00086
33231 0.00086
519318 0.00086
1102442 0.00086
1152490 0.00086
1153861 0.00086
16485 0.00086
50337 0.00086
16008 0.00086
70444 0.00086
7272 0.00086
50336 0.00086
62718 0.00086
70281 0.00086
1131471 0.00086
51909 0.00086
395725 0.00086
95719 0.00086
194223 0.00086
83847 0.00086
18832 0.00086
255628 0.00086
8874 0.00086
56112 0.00086
7047 0.00086
1129683 0.00086
358894 0.00086
1128935 0.00086
120039 0.00086
395075 0.00086
211906 0.00086
671293 0.00086
133550 0.00086
1104449 0.00086
27241 0.00086
1103038 0.00086
1119987 0.00086
19045 0.00086
631015 0.00086
389715 0.00086
264556 0.00086
117316 0.00086
14549 0.00086
18834 0.00086
95586 0.00086
1105887 0.00086
152731 0.00086
1107367 0.00086
135765 0.00086
135766 0.00086
593544 0.00086
32698 0.00086
95718 0.00086
159897 0.00086
14531 0.00086
608292 0.00086
202639 0.00086
593068 0.00086
20592 0.00086
273152 0.00086
35 0.00086
73323 0.00086
144408 0.00086
27531 0.00086
3233 0.00086
16476 0.00086
521251 0.00086
15984 0.00086
238099 0.00086
23116 0.00086
27243 0.00086
40124 0.00086
63549 0.00086
763181 0.00086
1123576 0.00086
1153897 0.00086
1105433 0.00086
6318 0.00086
1154042 0.00086
19697 0.00086
27627 0.00086
65212 0.00086
124828 0.00086
145134 0.00086
145176 0.00086
28964 0.00086
1104647 0.00086
40125 0.00086
1110426 0.00086
210872 0.00086
1153275 0.00086
6814 0.00086
16461 0.00086
6639 0.00086
35797 0.00086
1103979 0.00086
53942 0.00086
105057 0.00086
1121398 0.00086
1128868 0.00086
6344 0.00086
1132157 0.00086
1152307 0.00086
1152448 0.00086
1152975 0.00086
1153703 0.00086
116084 0.00086
8619 0.00086
95435 0.00086
184157 0.00086
1115701 0.00086
1126012 0.00086
135464 0.00086
40135 0.00086
84021 0.00086
1118823 0.00086
1131728 0.00086
190698 0.00086
62389 0.00086
133615 0.00086
47684 0.00086
1113438 0.00086
145215 0.00086
654177 0.00086
1121459 0.00086
129045 0.00086
190697 0.00086
1997 0.00086
1121254 0.00086
96851 0.00086
1956 0.00086
52515 0.00086
1105603 0.00086
33412 0.00086
100197 0.00086
210871 0.00086
1786 0.00086
179180 0.00086
576257 0.00086
1109891 0.00086
763010 0.00086
675847 0.00086
11342 0.00086
6130 0.00086
1955 0.00086
1108728 0.00086
75121 0.00086
127033 0.00086
1140040 0.00086
51834 0.00086
390889 0.00086
641956 0.00086
20850 0.00086
43186 0.00086
59626 0.00086
129896 0.00086
423463 0.00086
1034 0.00086
194645 0.00086
105865 0.00086
95642 0.00086
1717 0.00086
1105428 0.00086
198443 0.00086
763009 0.00086
12359 0.00086
166420 0.00086
46468 0.00086
123825 0.00086
1110563 0.00086
46501 0.00086
2665 0.00086
62274 0.00086
672070 0.00086
672071 0.00086
42156 0.00086
152219 0.00086
1135894 0.00086
118682 0.00086
16474 0.00086
1104300 0.00086
62417 0.00086
755082 0.00086
1136310 0.00086
1106330 0.00086
523010 0.00086
1104946 0.00086
1119671 0.00086
13658 0.00086
1129518 0.00086
16451 0.00086
1128536 0.00086
575402 0.00086
235776 0.00086
12960 0.00086
31055 0.00086
286500 0.00086
358887 0.00086
211432 0.00086
1104258 0.00086
1112723 0.00086
1134022 0.00086
459213 0.00086
1133469 0.00086
1125467 0.00086
51866 0.00086
647447 0.00086
646809 0.00086
70442 0.00086
81714 0.00086
1125992 0.00086
1119078 0.00086
11335 0.00086
152483 0.00086
1128990 0.00086
27535 0.00086
28504 0.00086
593022 0.00086
35070 0.00086
1153264 0.00086
785678 0.00086
3231 0.00086
577086 0.00086
1103394 0.00086
108974 0.00086
34355 0.00086
197054 0.00086
49660 0.00086
1116146 0.00086
67246 0.00086
67245 0.00086
126912 0.00086
372862 0.00086
98698 0.00086
596075 0.00086
12211 0.00086
75972 0.00086
116087 0.00086
195150 0.00086
137359 0.00086
190706 0.00086
1033 0.00086
27612 0.00086
46476 0.00086
116081 0.00086
1128881 0.00086
1128927 0.00086
75695 0.00086
739816 0.00086
49844 0.00086
49847 0.00086
263498 0.00086
6767 0.00086
682815 0.00086
124952 0.00086
33325 0.00086
106590 0.00086
1152633 0.00086
1135899 0.00086
151430 0.00086
282700 0.00086
466170 0.00086
16437 0.00086
31083 0.00086
1138968 0.00086
107251 0.00086
107252 0.00086
105856 0.00086
1120049 0.00086
428610 0.00086
131122 0.00086
315266 0.00086
675649 0.00086
60170 0.00086
100961 0.00086
1116629 0.00086
12439 0.00086
95588 0.00086
95597 0.00086
63486 0.00086
36131 0.00086
1132459 0.00086
1118546 0.00086
194617 0.00086
293974 0.00086
110164 0.00086
20821 0.00086
1132434 0.00086
39210 0.00086
83449 0.00086
56167 0.00086
8961 0.00086
1128430 0.00086
300071 0.00086
1153816 0.00086
18781 0.00086
143323 0.00086
289085 0.00086
140005 0.000859
1136631 0.000859
20923 0.000859
1153945 0.000859
20924 0.000859
23738 0.000859
1132706 0.000859
75691 0.000859
1117348 0.000859
45212 0.000859
66782 0.000859
1035 0.000859
1107140 0.000859
11325 0.000859
1119708 0.000859
1152421 0.000859
1153280 0.000859
1154459 0.000859
1127913 0.000859
259702 0.000859
573978 0.000859
513189 0.000859
74821 0.000859
307015 0.000859
608326 0.000859
27249 0.000859
1136446 0.000859
20833 0.000859
95594 0.000859
145384 0.000859
1136447 0.000859
24530 0.000859
156794 0.000859
593105 0.000859
1117476 0.000859
340078 0.000859
1117501 0.000859
1130539 0.000859
509379 0.000859
1132815 0.000859
656231 0.000859
22229 0.000859
144701 0.000859
240791 0.000859
66986 0.000859
158172 0.000859
47682 0.000859
214472 0.000859
1105148 0.000859
13208 0.000859
358884 0.000859
12158 0.000859
114189 0.000859
650814 0.000859
34315 0.000859
37541 0.000859
46547 0.000859
137380 0.000859
91853 0.000859
30934 0.000859
1153736 0.000859
27246 0.000859
1129621 0.000859
636511 0.000859
568857 0.000859
35905 0.000859
45052 0.000859
133563 0.000859
118079 0.000859
36145 0.000859
1125092 0.000859
18833 0.000859
350319 0.000859
6775 0.000859
594387 0.000859
5869 0.000859
5462 0.000859
1104007 0.000859
1131236 0.000859
42207 0.000859
13972 0.000859
359067 0.000859
6334 0.000859
6311 0.000859
1111788 0.000859
154982 0.000859
289945 0.000859
16470 0.000859
1125393 0.000859
175256 0.000859
102938 0.000859
143676 0.000859
1120643 0.000859
35778 0.000859
1125469 0.000859
1105231 0.000859
71904 0.000859
1129798 0.000859
194609 0.000859
66990 0.000859
217139 0.000859
429805 0.000859
370366 0.000859
56115 0.000859
3084 0.000859
1106849 0.000859
1112426 0.000859
131117 0.000859
29708 0.000859
400473 0.000859
1122574 0.000859
239829 0.000859
131315 0.000859
521252 0.000859
1121176 0.000859
1129106 0.000859
1105810 0.000859
18811 0.000859
208345 0.000859
120817 0.000859
38205 0.000859
887 0.000859
198653 0.000859
575077 0.000859
1152358 0.000859
202520 0.000859
446271 0.000859
70441 0.000859
578780 0.000859
1152308 0.000859
593813 0.000859
70970 0.000859
1129367 0.000859
576691 0.000859
1128985 0.000859
1128198 0.000859
10186 0.000859
1125492 0.000859
579008 0.000859
1107215 0.000859
5062 0.000859
1129629 0.000859
144330 0.000859
110163 0.000859
1104787 0.000859
3085 0.000859
566664 0.000859
54550 0.000859
10430 0.000859
566653 0.000859
936 0.000859
66563 0.000859
248425 0.000859
348437 0.000859
1153160 0.000859
486840 0.000859
9708 0.000859
49895 0.000859
1130637 0.000859
131317 0.000859
46887 0.000859
18815 0.000859
118558 0.000859
8224 0.000859
1133196 0.000859
59715 0.000859
262178 0.000859
358866 0.000859
1121057 0.000859
37884 0.000859
39199 0.000859
143476 0.000859
17488 0.000859
5194 0.000859
128383 0.000859
85449 0.000859
133566 0.000859
642827 0.000859
6939 0.000859
523394 0.000859
189571 0.000859
112099 0.000859
3192 0.000859
158098 0.000859
154134 0.000859
238401 0.000859
1128542 0.000859
1129572 0.000859
3191 0.000859
189572 0.000859
1132887 0.000859
308920 0.000859
503893 0.000859
13269 0.000859
51879 0.000859
12347 0.000859
1135589 0.000859
1131165 0.000859
1130678 0.000859
140569 0.000859
1135082 0.000859
714975 0.000859
2663 0.000859
54844 0.000859
310653 0.000859
78511 0.000859
627024 0.000859
1111899 0.000859
503877 0.000859
49811 0.000859
54131 0.000859
1152564 0.000859
335042 0.000859
86359 0.000859
44368 0.000859
33907 0.000859
1114331 0.000859
18770 0.000859
141347 0.000859
1104031 0.000859
265203 0.000859
40131 0.000859
66556 0.000859
594047 0.000859
287787 0.000859
60682 0.000859
27510 0.000859
28851 0.000859
1688 0.000859
54129 0.000859
215912 0.000859
503883 0.000859
41714 0.000859
427606 0.000859
787016 0.000859
103482 0.000859
103515 0.000859
259701 0.000859
640617 0.000859
97645 0.000859
573964 0.000859
8865 0.000859
85352 0.000859
141342 0.000859
231249 0.000859
219446 0.000859
22563 0.000859
116021 0.000859
15892 0.000859
1139928 0.000859
270456 0.000859
7296 0.000859
253762 0.000859
1108656 0.000859
1129610 0.000859
45603 0.000859
48764 0.000859
1117833 0.000859
576362 0.000859
606479 0.000859
48768 0.000859
141596 0.000859
178209 0.000859
101143 0.000859
1112665 0.000859
54132 0.000859
1132505 0.000859
8581 0.000859
237489 0.000859
1133004 0.000859
360028 0.000859
35852 0.000859
68115 0.000859
134219 0.000859
7032 0.000859
1817 0.000859
300806 0.000859
34708 0.000859
124296 0.000859
578309 0.000859
91038 0.000859
44514 0.000859
696346 0.000859
578337 0.000859
696345 0.000859
751408 0.000859
1132486 0.000859
2658 0.000859
20920 0.000859
230884 0.000859
1130808 0.000859
1132948 0.000859
205192 0.000859
32276 0.000859
578347 0.000859
99023 0.000859
762980 0.000859
63812 0.000859
671269 0.000859
50381 0.000859
22431 0.000859
578306 0.000859
928873 0.000859
124734 0.000859
175548 0.000859
108962 0.000859
249858 0.000859
217115 0.000859
248823 0.000859
22883 0.000859
109323 0.000859
354004 0.000859
1105698 0.000859
4274 0.000859
990075 0.000859
32260 0.000859
1152896 0.000859
1106103 0.000859
1118120 0.000859
1152179 0.000859
16471 0.000859
41216 0.000859
987188 0.000859
1115959 0.000859
13656 0.000859
119686 0.000859
294239 0.000859
108963 0.000859
29723 0.000859
12165 0.000859
545647 0.000859
582511 0.000859
103543 0.000859
34961 0.000859
1133417 0.000859
7430 0.000859
1153287 0.000859
1127657 0.000859
593155 0.000859
1109017 0.000859
365294 0.000859
1130634 0.000859
170798 0.000859
1111733 0.000859
767763 0.000859
8832 0.000859
40922 0.000859
182093 0.000859
350373 0.000859
77438 0.000859
182094 0.000859
12198 0.000859
1118286 0.000859
1110256 0.000859
1140548 0.000859
6925 0.000859
189721 0.000859
1119742 0.000859
1126011 0.000859
20179 0.000859
51831 0.000859
430329 0.000859
48066 0.000859
675756 0.000859
644093 0.000859
17811 0.000859
22874 0.000859
689152 0.000859
101811 0.000859
218682 0.000859
22869 0.000859
239810 0.000859
1108175 0.000859
1133390 0.000859
446610 0.000859
94639 0.000859
18785 0.000859
110162 0.000859
1116530 0.000859
84020 0.000859
14062 0.000859
20178 0.000859
110041 0.000859
592993 0.000859
5069 0.000859
5064 0.000859
1120252 0.000859
756061 0.000859
8079 0.000859
1107010 0.000859
28026 0.000859
47683 0.000859
13205 0.000859
75693 0.000859
75694 0.000859
260979 0.000859
174425 0.000859
1131266 0.000859
593921 0.000859
1959 0.000859
1126050 0.000859
1114442 0.000859
101660 0.000859
1919 0.000859
108983 0.000859
102939 0.000859
1112075 0.000859
61312 0.000859
31927 0.000859
126128 0.000859
563613 0.000859
1154520 0.000859
1140231 0.000859
95188 0.000859
64271 0.000859
593942 0.000859
6346 0.000859
6818 0.000859
1106401 0.000859
141324 0.000859
593859 0.000859
1128943 0.000859
1128978 0.000859
61069 0.000859
55801 0.000859
35490 0.000859
114308 0.000859
64519 0.000859
608191 0.000859
1109873 0.000859
94641 0.000859
608190 0.000859
66564 0.000859
202522 0.000859
221302 0.000859
601462 0.000859
137790 0.000859
207395 0.000859
10174 0.000859
136766 0.000859
136768 0.000859
15889 0.000859
3095 0.000859
5600 0.000859
38845 0.000859
3828 0.000859
129558 0.000859
136767 0.000859
1153106 0.000859
97377 0.000859
714748 0.000859
521855 0.000859
15987 0.000859
1134348 0.000859
310742 0.000859
523574 0.000859
1154232 0.000859
1152714 0.000859
133567 0.000859
1127530 0.000859
162664 0.000859
561364 0.000859
5086 0.000859
1106789 0.000859
531348 0.000859
531351 0.000859
134199 0.000859
1114664 0.000859
278394 0.000859
15076 0.000859
6786 0.000859
733576 0.000859
9586 0.000859
278403 0.000859
230879 0.000859
646836 0.000859
168332 0.000859
91852 0.000859
578669 0.000859
82666 0.000859
17477 0.000859
40 0.000859
62329 0.000859
27514 0.000859
44455 0.000859
470511 0.000859
128202 0.000859
10435 0.000859
22566 0.000859
94229 0.000859
62634 0.000859
63915 0.000859
22564 0.000859
3220 0.000859
36140 0.000859
203646 0.000859
135798 0.000859
24043 0.000859
38829 0.000859
236759 0.000859
696342 0.000859
99030 0.000859
1140230 0.000859
1110000 0.000859
1134346 0.000859
753070 0.000859
447224 0.000859
1125909 0.000859
41732 0.000859
1154230 0.000859
52847 0.000859
37888 0.000859
578365 0.000859
253971 0.000859
18812 0.000859
636500 0.000859
174418 0.000859
84695 0.000859
73327 0.000859
1105360 0.000859
111866 0.000859
64319 0.000859
126927 0.000859
28267 0.000859
118873 0.000859
1136634 0.000859
80656 0.000859
1107567 0.000859
1112099 0.000859
12238 0.000859
126926 0.000859
95225 0.000859
57932 0.000859
129042 0.000859
1107136 0.000859
6935 0.000859
1153728 0.000859
851968 0.000859
337766 0.000859
98693 0.000859
97390 0.000859
310530 0.000859
177115 0.000859
1136110 0.000859
22386 0.000859
593104 0.000859
38839 0.000859
3097 0.000859
82664 0.000859
93318 0.000859
262108 0.000859
262121 0.000859
117328 0.000859
1134865 0.000859
1129015 0.000859
1106236 0.000859
594011 0.000859
1153896 0.000859
592996 0.000859
63835 0.000859
37483 0.000859
163235 0.000859
1113852 0.000859
1129368 0.000859
1129369 0.000859
2354 0.000859
74749 0.000859
77826 0.000859
128203 0.000859
175909 0.000859
1951 0.000859
74975 0.000859
941 0.000859
164885 0.000859
39130 0.000859
440815 0.000859
73162 0.000859
3240 0.000859
653441 0.000859
714289 0.000858
519353 0.000858
189655 0.000858
51049 0.000858
189566 0.000858
1154229 0.000858
3187 0.000858
25702 0.000858
33818 0.000858
753047 0.000858
1120138 0.000858
1133428 0.000858
696343 0.000858
23546 0.000858
1061127 0.000858
1153254 0.000858
36620 0.000858
195792 0.000858
346243 0.000858
251756 0.000858
227178 0.000858
1104261 0.000858
41417 0.000858
46500 0.000858
753264 0.000858
1152436 0.000858
1111265 0.000858
645897 0.000858
1153166 0.000858
1153724 0.000858
1949 0.000858
1154233 0.000858
198866 0.000858
510715 0.000858
646286 0.000858
126920 0.000858
1109185 0.000858
1109566 0.000858
13654 0.000858
13652 0.000858
101263 0.000858
126909 0.000858
1152917 0.000858
703953 0.000858
1105011 0.000858
1131230 0.000858
1953 0.000858
3101 0.000858
100935 0.000858
1128407 0.000858
3932 0.000858
38846 0.000858
395547 0.000858
1120786 0.000858
1952 0.000858
1115166 0.000858
753265 0.000858
594039 0.000858
1135122 0.000858
63931 0.000858
2440 0.000858
5959 0.000858
40151 0.000858
112787 0.000858
3112 0.000858
39131 0.000858
1107041 0.000858
20180 0.000858
28265 0.000858
940 0.000858
559804 0.000858
189774 0.000858
645571 0.000858
1134320 0.000858
714260 0.000858
714879 0.000858
714208 0.000858
242663 0.000858
51045 0.000858
39890 0.000858
1153014 0.000858
189856 0.000858
36802 0.000858
90470 0.000858
147870 0.000858
78557 0.000858
33823 0.000858
78555 0.000858
78549 0.000858
78552 0.000858
78508 0.000858
189620 0.000858
377303 0.000858
6913 0.000858
83746 0.000858
1106764 0.000858
101261 0.000858
69418 0.000858
151708 0.000858
5075 0.000858
152226 0.000858
1127619 0.000858
733534 0.000858
72908 0.000858
288 0.000858
77829 0.000858
100701 0.000858
943 0.000858
51052 0.000858
714256 0.000858
318071 0.000858
1119004 0.000858
4330 0.000858
646289 0.000858
684972 0.000857
1110768 0.000857
562940 0.000857
948147 0.000857
94416 0.000857
395553 0.000857
684986 0.000857
11093 0.000857
32688 0.000857
4329 0.000857
61417 0.000857
2702 0.000857
1120777 0.000856
12330 0.000856
72056 0.000856
1107385 0.000856
213279 0.000856
156977 0.000856
107569 0.000856
400356 0.000856
646440 0.000375
561581 0.000375
561582 0.000375
1127541 0.000374
1131300 0.000374
561809 0.000374
562067 0.000374
1127558 0.000374
67584 0.000374
561789 0.000374
1127566 0.000374
561674 0.000374
1127551 0.000374
1131192 0.000374
643069 0.000374
14090 0.000374
1103016 0.000374
1154071 0.000374
1131274 0.000374
644843 0.000374
645016 0.000374
644361 0.000374
644363 0.000374
645452 0.000374
644470 0.000373
1152259 0.000373
1152991 0.000373
71736 0.000373
561595 0.000373
561610 0.000373
561611 0.000373
1131301 0.000373
1131314 0.000373
646334 0.000373
646357 0.000373
1131223 0.000373
1131189 0.000373
644494 0.000373
1131172 0.000373
644334 0.000373
1131167 0.000373
561593 0.000373
1131312 0.000373
643003 0.000373
1131334 0.000373
1131305 0.000373
1131335 0.000373
16843 0.000373
642798 0.000373
645046 0.000373
645870 0.000373
1131180 0.000373
646195 0.000373
38537 0.000373
1131270 0.000373
1131277 0.000373
153063 0.000373
137868 0.000373
642847 0.000373
1131258 0.000373
1138755 0.000373
645084 0.000373
642621 0.000373
645088 0.000373
642681 0.000373
561568 0.000373
561613 0.000373
16819 0.000373
642641 0.000373
1131164 0.000373
643221 0.000373
644441 0.000373
126793 0.000373
643485 0.000373
644577 0.000373
1131257 0.000373
644448 0.000373
643239 0.000373
642894 0.000373
644427 0.000373
1135750 0.000373
573553 0.000373
171954 0.000373
66751 0.000373
820662 0.000373
1129608 0.000373
1138970 0.000373
1138043 0.000373
695284 0.000373
573535 0.000373
693143 0.000373
77108 0.000373
132821 0.000373
77112 0.000373
899119 0.000372
1117920 0.000372
1110209 0.000372
13024 0.000372
409725 0.000372
134316 0.000372
142268 0.000372
1116044 0.000372
134314 0.000372
137956 0.000372
1134031 0.000372
8766 0.000372
167205 0.000372
1131719 0.000372
25413 0.000372
11148 0.000372
232606 0.000372
232605 0.000372
1129835 0.000372
1132809 0.000372
1153183 0.000372
193354 0.000372
8594 0.000372
1154525 0.000372
709113 0.000372
1213 0.000372
8591 0.000372
58268 0.000372
180187 0.000372
48555 0.000372
1114184 0.000372
141171 0.000371
179702 0.000371
1121569 0.000371
424540 0.000371
179706 0.000371
1152859 0.000371
18536 0.000371
86923 0.000371
1106854 0.000371
18532 0.000371
134307 0.000371
1059953 0.000371
1153786 0.000371
23070 0.000371
74698 0.000371
87915 0.000371
28632 0.000371
28640 0.000371
1117249 0.000371
12182 0.000371
9513 0.000371
28649 0.000371
155736 0.000371
1132385 0.000371
102879 0.000371
1121537 0.000371
155738 0.000371
1130929 0.000371
416867 0.000371
1135746 0.000371
45189 0.000371
45188 0.000371
12155 0.000371
68495 0.000371
20601 0.000371
20602 0.000371
987197 0.000371
77515 0.000371
1107319 0.000371
1112574 0.000371
68505 0.000371
102884 0.000371
1132285 0.000371
152227 0.000371
4804 0.000371
12195 0.000371
12210 0.000371
67415 0.000371
51180 0.000371
38722 0.000371
12350 0.000371
14430 0.00037
14428 0.00037
14431 0.00037
1103031 0.00037
1103969 0.00037
14429 0.00037
34082 0.00037
73119 0.00037
1119216 0.00037
884094 0.00037
1106546 0.00037
40583 0.00037
633721 0.00037
1153024 0.00037
24476 0.00037
632935 0.00037
1103499 0.00037
633081 0.00037
40605 0.00037
1130780 0.00037
632796 0.00037
632874 0.00037
689439 0.00037
31489 0.00037
633585 0.00037
9581 0.00037
65057 0.00037
616336 0.00037
1114192 0.00037
1153097 0.00037
65074 0.00037
235683 0.00037
686532 0.00037
235670 0.00037
1121603 0.00037
1154524 0.00037
57773 0.00037
235678 0.00037
235679 0.00037
256106 0.00037
1104809 0.00037
1120197 0.00037
628888 0.00037
853118 0.00037
1128846 0.00037
137130 0.00037
662279 0.00037
409255 0.00037
1113534 0.00037
1131348 0.00037
504 0.00037
2695 0.00037
31349 0.00037
314459 0.00037
342802 0.00037
626530 0.00037
853115 0.00037
1129442 0.00037
19621 0.00037
80491 0.00037
853116 0.00037
853155 0.00037
506 0.00037
2698 0.00037
7532 0.00037
78994 0.00037
80515 0.00037
89416 0.00037
626574 0.00037
1102364 0.00037
1130454 0.00037
1154012 0.00037
17798 0.00037
48075 0.00037
626531 0.00037
711598 0.00037
853114 0.00037
1109830 0.00037
1112650 0.00037
739707 0.00037
1135345 0.00037
7537 0.00037
52007 0.00037
737204 0.00037
6898 0.00037
10169 0.00037
23069 0.00037
74937 0.00037
159084 0.00037
1105877 0.00037
1152711 0.00037
35854 0.00037
159085 0.00037
162080 0.00037
168958 0.00037
175576 0.00037
193347 0.00037
241821 0.00037
267824 0.00037
593559 0.00037
593560 0.00037
612306 0.00037
738941 0.00037
1119623 0.00037
1131420 0.00037
1131421 0.00037
1138027 0.00037
1153195 0.00037
12631 0.00037
74700 0.00037
74920 0.00037
74921 0.00037
124224 0.00037
134315 0.00037
134320 0.00037
158614 0.00037
264347 0.00037
1119211 0.00037
12638 0.00037
15431 0.00037
52000 0.00037
69198 0.00037
93755 0.00037
111770 0.00037
133553 0.00037
162075 0.00037
206524 0.00037
231198 0.00037
237376 0.00037
258259 0.00037
917493 0.00037
1116328 0.00037
1131345 0.00037
1132406 0.00037
1135455 0.00037
1139195 0.00037
1152379 0.00037
9515 0.00037
9559 0.00037
12197 0.00037
14807 0.00037
31336 0.00037
43698 0.00037
62676 0.00037
73712 0.00037
126868 0.00037
145315 0.00037
155158 0.00037
160732 0.00037
233106 0.00037
367312 0.00037
430711 0.00037
522338 0.00037
642920 0.00037
648106 0.00037
649944 0.00037
683294 0.00037
739280 0.00037
746058 0.00037
1108258 0.00037
1112071 0.00037
1112106 0.00037
1112194 0.00037
1123215 0.00037
1123239 0.00037
1128208 0.00037
1131184 0.00037
1132857 0.00037
1133846 0.00037
8687 0.00037
12275 0.00037
14083 0.00037
27606 0.00037
33895 0.00037
44017 0.00037
45061 0.00037
52003 0.00037
75969 0.00037
89547 0.00037
103528 0.00037
126867 0.00037
141160 0.00037
149139 0.00037
210309 0.00037
212097 0.00037
212107 0.00037
252725 0.00037
286562 0.00037
288107 0.00037
289088 0.00037
294126 0.00037
312409 0.00037
315789 0.00037
397488 0.00037
397590 0.00037
630890 0.00037
642930 0.00037
648112 0.00037
648121 0.00037
671052 0.00037
682508 0.00037
683360 0.00037
686559 0.00037
1063773 0.00037
1102794 0.00037
1102850 0.00037
1128853 0.00037
1132416 0.00037
1132864 0.00037
1154074 0.00037
463 0.000369
2696 0.000369
4553 0.000369
4983 0.000369
5348 0.000369
7041 0.000369
7867 0.000369
10177 0.000369
10531 0.000369
11326 0.000369
11339 0.000369
13982 0.000369
14545 0.000369
15429 0.000369
17821 0.000369
29738 0.000369
31353 0.000369
34979 0.000369
35335 0.000369
38771 0.000369
43165 0.000369
44121 0.000369
47839 0.000369
48781 0.000369
49720 0.000369
49753 0.000369
50354 0.000369
50807 0.000369
50980 0.000369
51934 0.000369
58454 0.000369
58758 0.000369
59772 0.000369
60560 0.000369
62607 0.000369
67633 0.000369
72805 0.000369
73972 0.000369
75318 0.000369
89308 0.000369
103430 0.000369
111676 0.000369
114966 0.000369
115188 0.000369
116512 0.000369
121792 0.000369
123556 0.000369
133628 0.000369
154023 0.000369
154047 0.000369
155277 0.000369
180301 0.000369
187260 0.000369
193352 0.000369
219218 0.000369
228990 0.000369
228992 0.000369
232860 0.000369
245955 0.000369
292277 0.000369
294145 0.000369
302545 0.000369
321004 0.000369
348305 0.000369
368657 0.000369
375825 0.000369
376704 0.000369
379288 0.000369
380341 0.000369
384428 0.000369
400455 0.000369
408885 0.000369
421481 0.000369
423816 0.000369
430574 0.000369
458439 0.000369
529165 0.000369
576973 0.000369
578845 0.000369
594119 0.000369
594483 0.000369
604073 0.000369
610529 0.000369
617378 0.000369
617575 0.000369
621555 0.000369
628458 0.000369
628459 0.000369
633030 0.000369
633031 0.000369
642593 0.000369
646412 0.000369
648369 0.000369
653628 0.000369
654519 0.000369
662250 0.000369
688824 0.000369
709518 0.000369
711994 0.000369
752684 0.000369
754594 0.000369
779960 0.000369
814836 0.000369
817774 0.000369
820661 0.000369
824245 0.000369
899085 0.000369
1102548 0.000369
1104191 0.000369
1104435 0.000369
1104749 0.000369
1105622 0.000369
1107728 0.000369
1107808 0.000369
1108570 0.000369
1110628 0.000369
1110950 0.000369
1112417 0.000369
1113084 0.000369
1117049 0.000369
1119654 0.000369
1120019 0.000369
1120880 0.000369
1123493 0.000369
1124837 0.000369
1125258 0.000369
1126315 0.000369
1129021 0.000369
1129040 0.000369
1129494 0.000369
1130069 0.000369
1130080 0.000369
1130243 0.000369
1131163 0.000369
1131195 0.000369
1131330 0.000369
1131414 0.000369
1131754 0.000369
1132073 0.000369
1133008 0.000369
1133930 0.000369
1134056 0.000369
1134197 0.000369
1135955 0.000369
1136040 0.000369
1137140 0.000369
1138619 0.000369
1139009 0.000369
1152394 0.000369
1152858 0.000369
1153946 0.000369
1154173 0.000369
