4584 0.092374
1365 0.078281
35 0.062738
82920 0.043411
3229 0.030651
114 0.030486
24966 0.029445
1272 0.02865
32083 0.027084
10798 0.026829
3243 0.022802
117 0.022056
1113739 0.020848
2653 0.019533
35061 0.019381
6184 0.019041
6214 0.018649
132806 0.01797
210871 0.01793
6213 0.017715
6209 0.016637
210872 0.01603
18777 0.015207
593260 0.014846
168410 0.014837
910 0.014799
77758 0.014734
887 0.014285
1113995 0.014051
434 0.013332
3218 0.013316
143323 0.013279
6913 0.013205
12337 0.013194
84021 0.013164
4330 0.013039
120084 0.012998
646286 0.012912
28957 0.012526
16008 0.01208
20193 0.01208
4335 0.01204
1481 0.01176
39127 0.011209
936 0.011185
1129683 0.010942
6771 0.010847
3231 0.010397
6125 0.009796
27895 0.009788
1956 0.009705
18619 0.00969
1153943 0.009506
8875 0.00942
576257 0.009372
1999 0.00935
33013 0.00909
23738 0.008949
105856 0.008906
1116347 0.008584
906 0.008538
5966 0.008421
264556 0.008375
6216 0.008309
167656 0.008073
289085 0.008043
46491 0.007941
11335 0.007823
3084 0.007816
189577 0.007797
126927 0.007783
2654 0.007592
88356 0.007547
85688 0.00754
4649 0.007517
3191 0.007478
23116 0.007423
19231 0.007374
133563 0.007333
103537 0.007158
30817 0.007103
16485 0.007028
96847 0.006994
1246 0.006978
1132968 0.006824
35922 0.006731
1110947 0.006662
25772 0.006599
126912 0.006549
22875 0.0065
10183 0.006467
103543 0.00642
1113934 0.006416
202639 0.006393
10796 0.006385
22563 0.006361
2665 0.006287
96851 0.006212
8224 0.006204
8703 0.006111
237521 0.006034
230879 0.005999
205192 0.005997
594387 0.005958
51049 0.005923
1120211 0.0057
1123068 0.005608
1136397 0.005595
54132 0.005526
39890 0.005523
57764 0.0055
6741 0.005428
16451 0.005372
17476 0.005372
6767 0.00535
217139 0.005315
167670 0.00529
128 0.005283
39126 0.005253
6318 0.005253
240321 0.005226
12960 0.005128
144408 0.005109
1955 0.005048
48555 0.005036
1107861 0.004984
1119140 0.004963
28287 0.004944
69392 0.004923
131318 0.004908
3223 0.004887
27627 0.004858
1102550 0.004851
29492 0.004839
1106370 0.004819
33325 0.004791
8874 0.00479
79809 0.004789
424540 0.00475
188471 0.004736
628500 0.004736
1130600 0.004736
350362 0.004735
31479 0.004696
1128839 0.004656
73162 0.004616
395725 0.004587
13686 0.004586
6385 0.00458
1123087 0.004574
28278 0.00455
112378 0.004535
782486 0.004522
3236 0.004469
37541 0.004447
976334 0.004424
12576 0.004369
20833 0.004366
1104055 0.004364
16476 0.004306
18773 0.004294
1114502 0.004216
1959 0.004186
3192 0.004174
1127851 0.004171
1110256 0.004148
27623 0.004095
149669 0.004001
239800 0.00394
171954 0.003873
340299 0.003872
28487 0.00373
16437 0.003707
12347 0.003695
1026 0.003695
1106112 0.003677
16474 0.003645
3217 0.003621
1031453 0.003615
1114352 0.003581
573553 0.003569
13212 0.003556
8872 0.003495
417017 0.003494
190698 0.003469
1108329 0.003458
1134320 0.003425
45605 0.003416
97892 0.003415
345340 0.003398
601561 0.003397
1131267 0.003397
3232 0.003347
38537 0.003335
13658 0.003283
179702 0.003271
17201 0.003262
5055 0.003261
5086 0.003221
59626 0.003212
74427 0.003194
1110390 0.003181
8617 0.003153
14549 0.003148
95586 0.003084
1106630 0.003064
40886 0.00305
31932 0.003045
1106287 0.003015
1105344 0.003003
130 0.002999
444191 0.002995
66794 0.002977
38480 0.002968
7047 0.002958
198443 0.002956
212930 0.002955
94639 0.002952
86840 0.002937
1237 0.002917
1152143 0.002882
12359 0.002879
1119295 0.002814
4660 0.002804
521207 0.002785
70444 0.00278
64519 0.002776
2702 0.002766
6784 0.002754
39165 0.002747
1105531 0.002718
152219 0.00271
83847 0.00271
75674 0.002689
682666 0.002655
1116268 0.00265
27530 0.002641
175291 0.002632
27612 0.002603
62634 0.002587
24974 0.002581
81714 0.002581
6925 0.002579
1120169 0.002578
1152290 0.002578
28447 0.002576
33818 0.002567
37483 0.002549
1105932 0.002531
124064 0.002528
27535 0.002517
7430 0.002515
1035 0.002509
7272 0.002496
686061 0.002494
3085 0.002493
116528 0.002493
55968 0.00249
1121057 0.002484
15987 0.002482
35797 0.002435
1997 0.00243
1786 0.00242
1135750 0.00239
17208 0.002389
560936 0.002388
27531 0.002388
6334 0.002369
1140543 0.002356
15076 0.002353
36162 0.002342
592830 0.002339
1102400 0.002337
3097 0.002337
714748 0.002336
255628 0.00233
49843 0.002315
32276 0.002315
63812 0.002304
134219 0.002295
395553 0.002295
6910 0.002283
1034 0.002281
642681 0.002257
1107010 0.002257
254923 0.00225
83725 0.002223
20584 0.002213
28504 0.0022
277263 0.002199
108047 0.002196
23507 0.002192
1110438 0.002182
6196 0.002174
25702 0.002167
33231 0.002153
248823 0.002153
207395 0.002142
189566 0.002121
197452 0.002119
193742 0.002111
13213 0.00211
66751 0.002094
22229 0.002089
141171 0.002084
32872 0.002081
14529 0.002074
54550 0.002042
175548 0.002041
194645 0.002039
137790 0.002038
35852 0.002033
73146 0.002025
30895 0.00202
5600 0.002009
189571 0.002003
131042 0.001998
642847 0.00198
10186 0.00197
52515 0.001966
1120643 0.001964
6343 0.00195
57119 0.001947
1125393 0.001941
91853 0.001919
200480 0.001908
1119987 0.001903
9708 0.001902
1120962 0.001901
1106172 0.001896
6155 0.001892
1136446 0.001873
194609 0.001873
12330 0.001873
13885 0.001872
14531 0.001868
1106492 0.001865
3222 0.001854
7297 0.001849
42207 0.001842
2440 0.001823
1118245 0.001822
28202 0.001816
16819 0.00181
38829 0.001806
20528 0.00179
65074 0.001786
124952 0.001784
1126012 0.001783
1105672 0.001782
1120049 0.001779
521251 0.001771
116790 0.00177
445938 0.001754
55770 0.00173
52835 0.001722
85449 0.001718
94713 0.001716
12198 0.001693
36802 0.001689
141868 0.001689
135464 0.001688
27510 0.001681
197783 0.00167
3233 0.00167
411092 0.001666
593105 0.001659
38845 0.001657
102406 0.001654
1153101 0.00165
1153150 0.00165
262178 0.001642
85299 0.001633
1114864 0.001628
1104449 0.001615
187354 0.001614
2354 0.001614
90888 0.001605
137868 0.001599
198653 0.001574
1108267 0.001564
1117184 0.001559
6923 0.001542
753070 0.00154
3237 0.001529
574264 0.001527
1154232 0.001523
755217 0.001521
31769 0.001514
15889 0.00151
653441 0.001509
1103676 0.001508
14062 0.001505
7276 0.001502
3101 0.001496
63486 0.001483
1122580 0.001482
950305 0.001481
54129 0.001469
1121254 0.001462
521183 0.001462
57948 0.001459
642827 0.001451
101143 0.001435
59798 0.001425
46547 0.001423
8213 0.001423
1153933 0.001417
170798 0.001411
78511 0.001395
66594 0.001386
1113438 0.001369
1126029 0.001365
294030 0.001362
77826 0.001356
1717 0.00135
101263 0.001348
70441 0.001347
42221 0.001346
36131 0.001341
54131 0.00134
1139928 0.001335
27249 0.001331
28964 0.001331
815096 0.001317
23258 0.001314
27241 0.00131
108974 0.001307
51879 0.001304
307336 0.001298
642621 0.001297
65653 0.001296
3112 0.001296
110163 0.001282
48550 0.001281
27543 0.001279
129897 0.001278
66990 0.001278
9586 0.001273
18832 0.001269
1131149 0.001266
141324 0.001258
238099 0.001255
1130539 0.001254
34257 0.001249
33412 0.001249
689152 0.001242
52784 0.001237
8581 0.001236
941 0.00123
6220 0.001228
20178 0.001225
12182 0.001224
6814 0.00122
390889 0.001218
18615 0.001205
46468 0.001203
89416 0.001194
81350 0.00119
1112686 0.001187
19621 0.001186
739707 0.001185
22386 0.001181
5062 0.001179
36167 0.001176
358887 0.001174
3828 0.001174
12238 0.001161
39199 0.001159
1949 0.001158
65650 0.001156
35070 0.00115
1153264 0.00115
1688 0.001137
593921 0.001133
20534 0.001127
15984 0.001124
1120431 0.001124
51909 0.001113
645897 0.001113
93555 0.001112
13960 0.001108
28485 0.001108
205196 0.001107
103482 0.001103
25791 0.001103
562123 0.001101
124734 0.0011
31927 0.001098
310742 0.001095
40151 0.001094
139865 0.001089
11342 0.001084
51866 0.001078
286500 0.001073
249858 0.001071
592993 0.001051
96335 0.001044
1107572 0.001031
70970 0.001027
649731 0.001022
1125386 0.001008
1118332 0.001007
1152358 0.001004
424 0.001004
411005 0.001004
1103315 0.001001
358894 0.000992
3220 0.000983
631052 0.000974
578309 0.000974
20592 0.000972
1114777 0.000972
35863 0.000969
22876 0.000967
62274 0.00096
641976 0.000956
45212 0.000955
1115701 0.000954
851968 0.000948
144679 0.000948
1129367 0.000946
5194 0.000946
1120563 0.000943
643221 0.000941
61417 0.000935
447224 0.000935
509379 0.000935
1119751 0.000932
56709 0.00093
35778 0.000929
753047 0.000927
101811 0.000925
627024 0.000922
1131277 0.000917
1118823 0.000916
86359 0.000908
1109581 0.000901
20920 0.000901
523394 0.000901
56167 0.000899
62329 0.000898
18536 0.000897
188318 0.000896
1110998 0.000896
7532 0.000896
1152896 0.000893
1104647 0.000891
348437 0.000891
162080 0.00089
592826 0.000889
1130678 0.000888
636511 0.000884
12638 0.000884
31483 0.000882
1131137 0.000878
427606 0.000872
162664 0.000871
8079 0.00087
105057 0.000869
593104 0.000862
215912 0.00086
35343 0.000858
46887 0.000855
289885 0.000854
159897 0.000852
74975 0.00085
6935 0.000847
66805 0.000847
84459 0.000846
430329 0.000846
562940 0.000845
18834 0.000844
28491 0.000844
77438 0.00084
38205 0.000836
1116842 0.000828
1152075 0.000828
714289 0.000825
114189 0.000824
28412 0.000822
18815 0.000822
28456 0.000813
79817 0.000811
47682 0.000811
593942 0.000801
576362 0.000801
28249 0.0008
18811 0.0008
13656 0.000797
12211 0.000797
646809 0.000793
161221 0.00079
1123756 0.000789
197054 0.000786
27631 0.000786
91581 0.000785
12165 0.000779
35490 0.000777
1114442 0.000769
34708 0.000767
575077 0.000767
13195 0.000766
299197 0.00076
341188 0.000759
170338 0.000757
1131471 0.000757
212777 0.000757
300806 0.000751
18833 0.000748
595056 0.000743
463825 0.000742
1114239 0.000737
129558 0.000732
97377 0.00073
85452 0.000728
27250 0.000727
95589 0.000722
31105 0.000722
92589 0.000721
1114388 0.00072
13269 0.000712
46501 0.000711
133550 0.000704
70281 0.000703
123825 0.000702
389715 0.000695
49844 0.000693
28350 0.000693
6941 0.000692
64271 0.000689
219239 0.000689
22886 0.000688
1153816 0.000687
1109891 0.000687
1131258 0.000685
41714 0.000679
18781 0.000677
261040 0.000672
152731 0.000671
1953 0.000664
6163 0.000663
50336 0.000663
1118209 0.000661
175256 0.00066
153063 0.000658
20924 0.000655
307015 0.000653
10435 0.00065
182094 0.000649
1127619 0.000648
63549 0.000646
75121 0.000645
1140040 0.000642
370366 0.000642
1114664 0.000642
3095 0.00064
63915 0.000638
47684 0.000638
25805 0.000637
24043 0.000636
656231 0.000636
6238 0.000636
127940 0.000635
1131116 0.000635
95579 0.000635
200630 0.000634
43639 0.000634
42156 0.000633
72056 0.000632
214472 0.000631
601462 0.000631
13972 0.000631
120817 0.000631
1103610 0.000631
213279 0.000629
641956 0.000624
5064 0.00062
28385 0.000616
675649 0.000615
582343 0.000614
644577 0.000614
6818 0.000613
10430 0.00061
82666 0.000605
18770 0.000604
756061 0.000604
92065 0.000603
36145 0.000602
69198 0.000602
1103162 0.000601
278394 0.000601
137359 0.000599
1138043 0.000599
83449 0.000599
28230 0.000598
74821 0.000598
504 0.000598
80491 0.000598
1104007 0.000596
73327 0.000596
631015 0.000595
127033 0.000595
75969 0.000592
630890 0.000592
28649 0.000591
1952 0.00059
12631 0.00059
49482 0.000589
13717 0.000586
1102625 0.000581
117328 0.000581
1107215 0.000576
714975 0.000574
43186 0.00057
523010 0.000569
131315 0.000565
134199 0.000564
40135 0.000563
1153891 0.000563
1112075 0.000562
38722 0.000561
1131360 0.000559
1103038 0.000557
1119708 0.000556
1119471 0.000556
179180 0.000555
568857 0.000555
20821 0.000554
928873 0.000552
1153728 0.00055
1135125 0.00055
85324 0.000549
156977 0.000548
6130 0.000548
53942 0.000547
4274 0.000546
28290 0.000538
8821 0.000537
49660 0.000536
158098 0.000535
202520 0.000532
35905 0.000531
141342 0.000529
36140 0.000529
1117501 0.000528
58436 0.000526
12199 0.000524
154982 0.000521
6311 0.000518
6782 0.000513
1138968 0.00051
180373 0.00051
103515 0.000508
80656 0.000507
284414 0.000507
519353 0.000506
1154123 0.000504
1154124 0.000504
249421 0.000503
523574 0.000502
259702 0.000501
144701 0.000501
194617 0.000501
300071 0.000498
33823 0.000494
30901 0.000494
27203 0.000493
10169 0.000492
34266 0.000491
12169 0.000491
6210 0.000486
6639 0.000485
643485 0.000484
190706 0.000482
20593 0.000481
144212 0.000481
29723 0.000479
1153275 0.000477
582139 0.000475
308232 0.000475
56115 0.000474
28227 0.000474
575292 0.000472
12439 0.00047
593060 0.00047
1116594 0.000469
12350 0.000467
3932 0.000467
66563 0.000466
219446 0.000463
1129610 0.000459
1106052 0.000455
346292 0.000453
78555 0.00045
1128868 0.000449
645571 0.000447
181782 0.000447
95642 0.000446
48766 0.000443
66986 0.000438
174418 0.000436
503883 0.000434
22874 0.000433
235776 0.000429
4329 0.000429
1126503 0.000425
103531 0.000425
671293 0.000425
1153003 0.000424
263069 0.000423
1104379 0.000423
118436 0.000423
643734 0.000423
6939 0.000423
58552 0.000423
654326 0.000423
708945 0.000423
1112767 0.000423
1131557 0.000423
145134 0.000423
1135122 0.000422
3187 0.000421
1106388 0.00042
2658 0.000419
51180 0.000419
267003 0.000416
1129572 0.000415
28641 0.00041
110164 0.00041
1114331 0.000406
989397 0.000405
396412 0.000404
739816 0.000403
368431 0.000402
6917 0.000402
521855 0.000399
579008 0.000398
8699 0.000397
173884 0.000396
85352 0.000395
5069 0.000393
73323 0.000391
593240 0.000388
248425 0.000387
39130 0.000387
45188 0.000386
1120138 0.000384
6346 0.000383
25184 0.000381
334153 0.000379
711527 0.000379
136766 0.000378
4804 0.000375
1152421 0.000375
1153280 0.000375
1154459 0.000375
446271 0.000373
251756 0.000373
50337 0.000371
231198 0.000369
62417 0.000368
513189 0.000367
1132731 0.000367
683355 0.000366
1123576 0.000364
28471 0.000363
20923 0.000363
1121867 0.000356
44514 0.000356
593813 0.000355
240791 0.000354
628751 0.000351
1115456 0.000351
372862 0.000349
32260 0.000349
206259 0.000348
6151 0.000348
1135082 0.000348
33907 0.000345
763009 0.000345
8865 0.000342
97390 0.000341
129045 0.000341
288 0.00034
51834 0.000339
1127913 0.000338
578646 0.000335
20942 0.000333
270456 0.000331
110162 0.000328
321861 0.000326
1126044 0.000324
16471 0.000324
12247 0.000323
28265 0.000323
208345 0.000322
40125 0.00032
1120444 0.00032
87417 0.000319
144330 0.000318
45533 0.000317
263486 0.000317
118873 0.000316
6344 0.000316
8961 0.000316
17811 0.000316
18812 0.000316
31083 0.000316
45052 0.000316
763181 0.000316
1105231 0.000316
1107041 0.000316
1108656 0.000316
1109873 0.000316
1126050 0.000316
1129015 0.000316
1153014 0.000316
987188 0.000315
1115959 0.000315
16470 0.000314
152226 0.000314
646900 0.000313
118079 0.000313
284023 0.00031
1125992 0.000309
289088 0.000309
7032 0.000308
645084 0.000307
644427 0.000306
647447 0.000306
267824 0.000306
273949 0.000305
1131270 0.000303
86923 0.000301
39131 0.0003
77108 0.0003
695284 0.0003
63835 0.000299
47570 0.000299
1105574 0.000298
75318 0.000298
1121569 0.000297
39403 0.000297
738941 0.000297
853115 0.000297
6898 0.000297
11339 0.000297
35335 0.000297
58758 0.000296
160732 0.000296
233106 0.000296
14545 0.000296
34979 0.000296
48781 0.000296
67633 0.000296
28254 0.000295
591016 0.000295
594011 0.000294
111866 0.000294
1033 0.000292
116552 0.000292
5075 0.000291
193931 0.000291
1128935 0.000291
94229 0.00029
440815 0.000288
672064 0.000286
10981 0.000286
39210 0.000285
675756 0.000284
119686 0.000284
141160 0.000284
559804 0.000283
1110515 0.000282
27199 0.000281
93923 0.00028
459216 0.000278
1128430 0.000278
1128943 0.000277
1128978 0.000277
66564 0.000276
237489 0.000275
189572 0.000273
1135894 0.000273
628668 0.000273
763010 0.000271
1131549 0.000269
230300 0.000269
6378 0.000268
95225 0.000266
40 0.000265
216878 0.000265
359067 0.000265
340078 0.000264
12210 0.000264
1103979 0.000263
1153262 0.000262
100197 0.000262
180399 0.000262
27174 0.000261
6786 0.00026
1108050 0.000259
16461 0.000259
131117 0.000258
1128977 0.000257
510718 0.000257
6539 0.000256
50381 0.000255
1129629 0.000254
1104851 0.000253
133553 0.000253
59715 0.00025
573978 0.00025
189774 0.000249
28387 0.000248
36620 0.000248
1120731 0.000248
1133417 0.000247
75695 0.000246
157401 0.000244
293974 0.000243
911198 0.000242
190697 0.000242
1000012 0.000242
429781 0.000241
1107455 0.00024
1106103 0.000239
20179 0.000236
6169 0.000236
1152194 0.000232
33303 0.00023
94641 0.00023
9716 0.000229
133566 0.000229
154134 0.000227
157805 0.000225
83461 0.000224
1125092 0.000224
56708 0.000224
293285 0.000223
13208 0.000222
69296 0.000222
13654 0.000222
59045 0.000222
1117653 0.00022
415693 0.00022
1106568 0.000219
89547 0.000219
137849 0.000219
1106418 0.000217
100935 0.000216
307656 0.000216
1118764 0.000215
1112426 0.000215
1102442 0.000214
50838 0.000214
82090 0.000212
593210 0.000212
1128437 0.000212
270600 0.000212
286513 0.000212
1111240 0.000212
1123530 0.000212
7419 0.000212
66596 0.000212
1127812 0.000212
20972 0.000212
42848 0.000212
134060 0.000212
147870 0.000212
148341 0.000212
576795 0.000212
656048 0.000212
431206 0.000212
399370 0.000212
27230 0.000212
191222 0.000212
226698 0.000212
285675 0.000212
509315 0.000212
593091 0.000212
733534 0.000212
1116922 0.000212
1128227 0.000212
1154076 0.000212
15670 0.000212
15892 0.000212
41666 0.000212
46079 0.000212
46431 0.000212
62347 0.000212
62389 0.000212
72101 0.000212
118559 0.000212
129287 0.000212
151708 0.000212
218410 0.000212
242637 0.000212
353541 0.000212
354004 0.000212
519318 0.000212
520471 0.000212
567005 0.000212
594649 0.000212
684372 0.000212
735303 0.000212
975567 0.000212
1105116 0.000212
1105450 0.000212
1105718 0.000212
1105764 0.000212
1108834 0.000212
1110579 0.000212
1113831 0.000212
1113926 0.000212
1114118 0.000212
1116410 0.000212
1119505 0.000212
1122460 0.000212
1122704 0.000212
1128256 0.000212
1128314 0.000212
1131639 0.000212
1133010 0.000212
1135115 0.000212
22883 0.000212
227286 0.000211
2663 0.000211
54844 0.000211
107569 0.000211
128203 0.000211
449841 0.000211
521269 0.000211
13136 0.000211
124828 0.000211
593022 0.000211
56112 0.000211
1120777 0.000211
608326 0.00021
646913 0.000209
273152 0.000209
644093 0.000208
1153899 0.000207
1105603 0.000206
755082 0.000206
5462 0.000205
34315 0.000205
137380 0.000202
11325 0.000202
5869 0.000201
20857 0.000201
1111052 0.0002
66556 0.0002
23448 0.000199
67415 0.000199
578780 0.000198
40131 0.000197
95594 0.000196
145384 0.000196
116084 0.000193
116553 0.000192
646195 0.000191
22431 0.000189
589923 0.000189
6775 0.000189
575795 0.000189
1129570 0.000188
189574 0.000188
675847 0.000188
1152676 0.000187
20180 0.000185
6170 0.000184
400356 0.000183
101662 0.000182
95188 0.000181
294239 0.00018
1152761 0.000178
1153860 0.000178
189721 0.000178
22869 0.000175
110041 0.000173
682815 0.000172
672070 0.000172
1103737 0.000166
17477 0.000164
263279 0.000162
6224 0.000162
486840 0.000161
1132434 0.000161
45189 0.00016
1105887 0.00016
1104300 0.00016
61069 0.00016
51045 0.000158
102938 0.000158
143676 0.000158
242663 0.000158
368605 0.000158
1114222 0.000157
284025 0.000157
31353 0.000155
75691 0.000153
576691 0.000153
1153853 0.000153
108962 0.000151
15429 0.000148
648232 0.000148
118260 0.000147
1154068 0.000145
134128 0.000144
13193 0.000144
152483 0.000144
578649 0.000141
124296 0.000141
3240 0.000141
37888 0.00014
643597 0.00014
19045 0.000138
63931 0.000136
60170 0.000135
56119 0.000134
20526 0.000134
95719 0.000133
227178 0.000133
688361 0.000132
467383 0.000131
195792 0.000131
308920 0.00013
158172 0.000129
70520 0.000129
377303 0.000129
105899 0.000129
592975 0.000128
943 0.000128
44455 0.000128
1132157 0.000128
646836 0.000126
175909 0.000126
390896 0.000125
1919 0.000125
1105428 0.000124
5959 0.000123
116545 0.000121
87363 0.00012
126926 0.00012
578365 0.000119
104840 0.000119
105865 0.000119
578347 0.000119
91975 0.000119
1117348 0.000118
66982 0.000118
1111899 0.000116
1122425 0.000116
1134348 0.000115
116021 0.000114
12195 0.000113
151430 0.000113
34263 0.000108
1125492 0.000108
29708 0.000107
33904 0.000107
99025 0.000107
1130567 0.000107
289780 0.000107
289781 0.000106
1122642 0.000106
1154103 0.000106
1118388 0.000106
1132083 0.000106
469504 0.000106
1110024 0.000106
1118302 0.000106
684986 0.000105
230884 0.000105
751408 0.000103
1107140 0.000103
44017 0.000103
195150 0.000103
37884 0.000102
447250 0.000101
1111788 0.000101
672071 0.0001
11093 9.9e-05
1152714 9.9e-05
385067 9.8e-05
28851 9.8e-05
178727 9.8e-05
767763 9.8e-05
69284 9.8e-05
696345 9.7e-05
84020 9.7e-05
129042 9.6e-05
1119078 9.6e-05
1105810 9.4e-05
1102751 9.3e-05
1105148 9.3e-05
1135137 9.2e-05
753265 9.2e-05
114308 9.1e-05
3235 9e-05
350319 9e-05
28489 9e-05
1104182 8.8e-05
1106401 8.7e-05
1120170 8.7e-05
50354 8.6e-05
1125469 8.6e-05
145176 8.5e-05
145215 8.5e-05
66782 8.3e-05
106590 8.1e-05
578645 8.1e-05
1125895 8e-05
1108728 7.8e-05
1817 7.8e-05
1128319 7.8e-05
1131150 7.7e-05
243483 7.7e-05
644441 7.5e-05
593329 7.4e-05
123556 7.4e-05
248119 7.3e-05
643695 7.3e-05
23502 7.3e-05
340075 7.2e-05
436796 7.2e-05
177998 7.1e-05
650807 7.1e-05
189856 6.9e-05
594047 6.8e-05
13652 6.8e-05
100961 6.8e-05
12158 6.7e-05
1152307 6.7e-05
1152448 6.7e-05
1152975 6.7e-05
1153703 6.7e-05
108983 6.7e-05
1153091 6.7e-05
578337 6.6e-05
41417 6.5e-05
33301 6.5e-05
8619 6.5e-05
32698 6.5e-05
1106406 6.3e-05
95718 6.3e-05
194223 6.3e-05
70442 6.2e-05
733167 6.1e-05
310530 6.1e-05
287787 6e-05
1131728 5.9e-05
83826 5.9e-05
1117476 5.9e-05
90470 5.9e-05
174425 5.8e-05
52847 5.7e-05
626999 5.6e-05
135130 5.6e-05
60682 5.6e-05
27632 5.6e-05
686015 5.6e-05
686030 5.6e-05
28632 5.5e-05
503893 5.4e-05
1152633 5.4e-05
91852 5.3e-05
75972 5.3e-05
948299 5.3e-05
2696 5.3e-05
647408 5.2e-05
38839 5.2e-05
39474 5.2e-05
49811 5.1e-05
189620 5e-05
178209 5e-05
75983 5e-05
577331 5e-05
1108175 5e-05
108963 5e-05
44368 4.9e-05
591017 4.9e-05
58540 4.9e-05
6217 4.8e-05
1104787 4.8e-05
7432 4.7e-05
1022969 4.7e-05
40124 4.6e-05
964248 4.5e-05
385572 4.5e-05
87482 4.5e-05
46452 4.5e-05
229635 4.5e-05
246618 4.4e-05
1115790 4.4e-05
1106771 4.4e-05
1116974 4.4e-05
189655 4.3e-05
218682 4.3e-05
636500 4.2e-05
272720 4.2e-05
148399 4.2e-05
335733 4.2e-05
141347 4.2e-05
148170 4.2e-05
118259 4e-05
608190 3.9e-05
608191 3.9e-05
19697 3.9e-05
578306 3.8e-05
592973 3.8e-05
1132706 3.8e-05
606479 3.8e-05
28542 3.7e-05
1110426 3.7e-05
117316 3.6e-05
6152 3.6e-05
428610 3.5e-05
1117618 3.5e-05
395075 3.4e-05
1131300 3.3e-05
1135589 3.3e-05
949511 3.3e-05
1131647 3.3e-05
1131748 3.3e-05
1154169 3.3e-05
696346 3.3e-05
1130808 3.3e-05
1132486 3.3e-05
1132948 3.3e-05
82098 3.3e-05
315266 3.2e-05
561809 3.2e-05
1129243 3.1e-05
1136447 3e-05
671269 3e-05
1128425 2.9e-05
119761 2.8e-05
25181 2.8e-05
8594 2.8e-05
192850 2.8e-05
1128985 2.7e-05
71904 2.7e-05
642894 2.6e-05
1112723 2.6e-05
20850 2.6e-05
34961 2.6e-05
545647 2.6e-05
582511 2.6e-05
593544 2.6e-05
22835 2.5e-05
193932 2.5e-05
562067 2.5e-05
139547 2.5e-05
714260 2.5e-05
892139 2.5e-05
1153160 2.4e-05
954315 2.4e-05
503877 2.4e-05
1131274 2.2e-05
1107312 2.2e-05
72908 2.1e-05
17798 2.1e-05
68463 2.1e-05
330148 2.1e-05
6215 2.1e-05
184918 2.1e-05
950052 2e-05
1114153 2e-05
1133196 1.9e-05
644843 1.9e-05
643239 1.8e-05
1129621 1.8e-05
1126037 1.8e-05
27243 1.8e-05
25413 1.8e-05
232606 1.8e-05
11148 1.7e-05
217115 1.7e-05
645016 1.7e-05
561789 1.7e-05
1128291 1.6e-05
203646 1.6e-05
152227 1.5e-05
126793 1.4e-05
1136422 1.4e-05
1153166 1.4e-05
1153724 1.4e-05
1107567 1.4e-05
358884 1.4e-05
107251 1.4e-05
107252 1.4e-05
1131565 1.3e-05
93273 1.3e-05
178718 1.2e-05
643069 1.2e-05
593859 1.2e-05
153598 1.2e-05
16843 1.2e-05
253971 1.1e-05
1107367 1.1e-05
1104258 1.1e-05
644448 1e-05
1153287 1e-05
232605 1e-05
23774 9e-06
1153195 9e-06
633081 9e-06
1132809 9e-06
561581 9e-06
10531 8e-06
112787 8e-06
221302 8e-06
62718 8e-06
38846 8e-06
1128407 8e-06
20601 8e-06
561674 8e-06
33895 8e-06
23070 8e-06
31489 7e-06
118682 7e-06
103529 7e-06
1152277 7e-06
1152673 7e-06
1154251 7e-06
459214 7e-06
31863 6e-06
358866 6e-06
578650 6e-06
260979 6e-06
1106236 6e-06
531348 6e-06
531351 6e-06
8832 6e-06
28336 6e-06
1133004 6e-06
1153900 6e-06
58268 6e-06
4637 6e-06
1131719 6e-06
10177 6e-06
20602 5e-06
1213 5e-06
14090 5e-06
134316 5e-06
78557 5e-06
198866 5e-06
561595 5e-06
1129608 4e-06
1106789 4e-06
683404 4e-06
1112099 4e-06
23069 4e-06
335042 4e-06
157761 4e-06
308529 4e-06
82664 4e-06
117315 4e-06
642798 4e-06
128383 4e-06
643003 4e-06
42847 4e-06
8591 4e-06
573964 3e-06
27514 3e-06
1129096 3e-06
193352 3e-06
25794 3e-06
1106330 3e-06
346243 3e-06
87915 3e-06
1110546 3e-06
68224 3e-06
40605 3e-06
193354 3e-06
1129835 3e-06
578845 2e-06
709113 2e-06
592986 2e-06
1128536 2e-06
1123926 2e-06
1132815 2e-06
231249 2e-06
1127558 2e-06
65057 2e-06
67584 2e-06
1152259 2e-06
1152991 2e-06
521252 2e-06
98693 2e-06
561610 2e-06
14430 2e-06
78552 2e-06
263498 2e-06
9515 2e-06
7537 2e-06
575402 2e-06
1121537 2e-06
2695 2e-06
235683 2e-06
5454 2e-06
58454 2e-06
134307 1e-06
1114512 1e-06
399339 1e-06
2698 1e-06
583318 1e-06
948147 1e-06
155738 1e-06
99023 1e-06
77515 1e-06
263482 1e-06
9513 1e-06
213246 1e-06
1103016 1e-06
1132459 1e-06
1132505 1e-06
8687 1e-06
14083 1e-06
14807 1e-06
24476 1e-06
633721 1e-06
265203 1e-06
12197 1e-06
166989 1e-06
853155 1e-06
1106546 1e-06
1152308 1e-06
142268 1e-06
5348 1e-06
14428 1e-06
78994 1e-06
52003 1e-06
155158 1e-06
177993 1e-06
576725 1e-06
626530 1e-06
683360 1e-06
689439 1e-06
1130780 1e-06
62676 1e-06
134314 1e-06
137130 1e-06
155736 1e-06
180187 1e-06
628888 1e-06
74698 1e-06
235679 1e-06
1131257 1e-06
633585 1e-06
102884 1e-06
45603 1e-06
48764 1e-06
8696 1e-06
73712 1e-06
89308 1e-06
101660 1e-06
103528 1e-06
235678 1e-06
330208 1e-06
522338 1e-06
593155 1e-06
640617 1e-06
853118 1e-06
506 0.0
7867 0.0
52000 0.0
74937 0.0
162075 0.0
169279 0.0
264347 0.0
644494 0.0
1116044 0.0
1127530 0.0
1153024 0.0
608292 0.0
606647 0.0
1153942 0.0
714256 0.0
12155 0.0
17242 0.0
35854 0.0
55801 0.0
60169 0.0
159084 0.0
166825 0.0
168958 0.0
175576 0.0
193347 0.0
210309 0.0
315789 0.0
367312 0.0
375825 0.0
397590 0.0
430711 0.0
645088 0.0
645870 0.0
648106 0.0
671052 0.0
1119623 0.0
632796 0.0
13024 0.0
74700 0.0
137956 0.0
60159 0.0
459213 0.0
714208 0.0
9559 0.0
34355 0.0
71736 0.0
103430 0.0
126868 0.0
136767 0.0
145315 0.0
169280 0.0
280876 0.0
594511 0.0
632874 0.0
642920 0.0
643199 0.0
648112 0.0
662572 0.0
683294 0.0
1112071 0.0
1121459 0.0
1123215 0.0
314459 0.0
1130680 0.0
14429 0.0
13205 0.0
51052 0.0
124224 0.0
133567 0.0
216877 0.0
263553 0.0
592996 0.0
662416 0.0
684972 0.0
693143 0.0
853116 0.0
1117942 0.0
14431 0.0
27606 0.0
34082 0.0
73119 0.0
80515 0.0
1103031 0.0
1103969 0.0
1154229 0.0
164 0.0
463 0.0
940 0.0
1385 0.0
1694 0.0
1951 0.0
4553 0.0
4878 0.0
4983 0.0
5038 0.0
7022 0.0
7041 0.0
7296 0.0
8766 0.0
9581 0.0
10174 0.0
10793 0.0
11326 0.0
11337 0.0
12194 0.0
12275 0.0
12558 0.0
12946 0.0
13917 0.0
13966 0.0
13982 0.0
15431 0.0
17363 0.0
17488 0.0
17821 0.0
18251 0.0
18313 0.0
18532 0.0
18582 0.0
18774 0.0
18785 0.0
22241 0.0
22564 0.0
22566 0.0
23545 0.0
23546 0.0
24530 0.0
26850 0.0
27246 0.0
28026 0.0
28267 0.0
28359 0.0
28389 0.0
28473 0.0
28640 0.0
28674 0.0
29738 0.0
30934 0.0
30973 0.0
31043 0.0
31055 0.0
31097 0.0
31336 0.0
31349 0.0
32688 0.0
37879 0.0
37998 0.0
38000 0.0
38771 0.0
39124 0.0
39904 0.0
40583 0.0
40922 0.0
41216 0.0
41732 0.0
42209 0.0
43165 0.0
43698 0.0
44121 0.0
45061 0.0
45599 0.0
46470 0.0
46476 0.0
46500 0.0
46536 0.0
47683 0.0
47839 0.0
48066 0.0
48075 0.0
48768 0.0
49720 0.0
49753 0.0
49847 0.0
49895 0.0
50807 0.0
50980 0.0
51831 0.0
51934 0.0
52007 0.0
55403 0.0
57773 0.0
57922 0.0
57932 0.0
58453 0.0
59244 0.0
59772 0.0
60560 0.0
61073 0.0
61312 0.0
62333 0.0
62607 0.0
63477 0.0
63832 0.0
64319 0.0
64484 0.0
65212 0.0
66809 0.0
67245 0.0
67246 0.0
67292 0.0
68115 0.0
68495 0.0
68505 0.0
69397 0.0
69418 0.0
71336 0.0
72406 0.0
72805 0.0
73972 0.0
74749 0.0
74920 0.0
74921 0.0
75693 0.0
75694 0.0
77112 0.0
77829 0.0
78508 0.0
78549 0.0
81722 0.0
82087 0.0
83746 0.0
84695 0.0
86258 0.0
89335 0.0
90655 0.0
91038 0.0
93318 0.0
93320 0.0
93755 0.0
94416 0.0
94953 0.0
95198 0.0
95435 0.0
95588 0.0
95597 0.0
96845 0.0
97645 0.0
98698 0.0
99030 0.0
100701 0.0
101145 0.0
101261 0.0
102061 0.0
102879 0.0
102939 0.0
107177 0.0
109323 0.0
111676 0.0
111770 0.0
112099 0.0
112813 0.0
114966 0.0
115188 0.0
116081 0.0
116087 0.0
116512 0.0
118424 0.0
118435 0.0
118558 0.0
119712 0.0
119956 0.0
120013 0.0
120039 0.0
121792 0.0
126128 0.0
126867 0.0
126909 0.0
126920 0.0
128202 0.0
128540 0.0
129896 0.0
131122 0.0
131317 0.0
132821 0.0
133615 0.0
133628 0.0
134315 0.0
134320 0.0
135765 0.0
135766 0.0
135798 0.0
136665 0.0
136768 0.0
137873 0.0
139738 0.0
140005 0.0
140569 0.0
141596 0.0
143476 0.0
143801 0.0
149139 0.0
154023 0.0
154047 0.0
155277 0.0
156794 0.0
158614 0.0
158812 0.0
159085 0.0
160705 0.0
163235 0.0
164885 0.0
166420 0.0
167205 0.0
168332 0.0
171225 0.0
173863 0.0
177115 0.0
179706 0.0
180301 0.0
182093 0.0
184157 0.0
187260 0.0
189623 0.0
189708 0.0
191216 0.0
191404 0.0
192734 0.0
192870 0.0
193918 0.0
195361 0.0
199571 0.0
202522 0.0
206371 0.0
206524 0.0
211432 0.0
211875 0.0
211906 0.0
212097 0.0
212107 0.0
217852 0.0
217984 0.0
218666 0.0
219218 0.0
219976 0.0
220420 0.0
228990 0.0
228992 0.0
232860 0.0
235670 0.0
236759 0.0
237376 0.0
238401 0.0
239810 0.0
239829 0.0
241133 0.0
241821 0.0
243274 0.0
245288 0.0
245955 0.0
248395 0.0
248431 0.0
250566 0.0
252715 0.0
252725 0.0
253762 0.0
255233 0.0
256106 0.0
258259 0.0
259126 0.0
259701 0.0
259772 0.0
260121 0.0
262108 0.0
262121 0.0
270085 0.0
272345 0.0
278403 0.0
282700 0.0
285687 0.0
286562 0.0
288107 0.0
289779 0.0
289945 0.0
292277 0.0
293271 0.0
294126 0.0
294145 0.0
299195 0.0
302545 0.0
308003 0.0
309476 0.0
310653 0.0
312409 0.0
318071 0.0
318187 0.0
321004 0.0
323128 0.0
325314 0.0
325497 0.0
328370 0.0
337766 0.0
342802 0.0
348305 0.0
350373 0.0
360028 0.0
362926 0.0
365294 0.0
368657 0.0
375605 0.0
376704 0.0
379288 0.0
380341 0.0
384428 0.0
385251 0.0
387795 0.0
390693 0.0
390894 0.0
390922 0.0
395540 0.0
395547 0.0
397488 0.0
399173 0.0
400455 0.0
400473 0.0
408885 0.0
409255 0.0
409725 0.0
416455 0.0
416867 0.0
416964 0.0
421481 0.0
423463 0.0
423816 0.0
429805 0.0
430574 0.0
444240 0.0
446610 0.0
458439 0.0
459206 0.0
466170 0.0
470511 0.0
481073 0.0
502574 0.0
503871 0.0
509233 0.0
510715 0.0
529165 0.0
552469 0.0
561238 0.0
561364 0.0
561568 0.0
561582 0.0
561593 0.0
561611 0.0
561613 0.0
563613 0.0
566488 0.0
566653 0.0
566664 0.0
567018 0.0
568045 0.0
573535 0.0
574009 0.0
574462 0.0
574710 0.0
575331 0.0
576973 0.0
577086 0.0
577227 0.0
578669 0.0
578898 0.0
579108 0.0
582349 0.0
590022 0.0
593068 0.0
593201 0.0
593209 0.0
593248 0.0
593328 0.0
593559 0.0
593560 0.0
594025 0.0
594039 0.0
594119 0.0
594483 0.0
594543 0.0
594900 0.0
595063 0.0
595157 0.0
595193 0.0
596075 0.0
601567 0.0
604073 0.0
610529 0.0
612306 0.0
613409 0.0
616336 0.0
617378 0.0
617575 0.0
621555 0.0
626531 0.0
626574 0.0
628458 0.0
628459 0.0
628667 0.0
628764 0.0
628766 0.0
628815 0.0
630817 0.0
632935 0.0
633030 0.0
633031 0.0
634902 0.0
634904 0.0
634938 0.0
634975 0.0
636098 0.0
642593 0.0
642641 0.0
642930 0.0
643735 0.0
643777 0.0
644334 0.0
644361 0.0
644363 0.0
644470 0.0
645046 0.0
645452 0.0
646289 0.0
646334 0.0
646357 0.0
646412 0.0
646440 0.0
646837 0.0
647315 0.0
647413 0.0
648121 0.0
648369 0.0
649730 0.0
649739 0.0
649944 0.0
650814 0.0
650834 0.0
653628 0.0
654177 0.0
654339 0.0
654519 0.0
662250 0.0
662279 0.0
682508 0.0
684531 0.0
686532 0.0
686559 0.0
687401 0.0
688824 0.0
688849 0.0
694759 0.0
696342 0.0
696343 0.0
703953 0.0
709518 0.0
711598 0.0
711994 0.0
714879 0.0
733576 0.0
734406 0.0
735311 0.0
737204 0.0
739280 0.0
746058 0.0
752684 0.0
753264 0.0
754594 0.0
762980 0.0
779960 0.0
785678 0.0
787016 0.0
801170 0.0
814836 0.0
815073 0.0
817774 0.0
820661 0.0
820662 0.0
824245 0.0
853114 0.0
853150 0.0
854434 0.0
884094 0.0
899085 0.0
899119 0.0
907845 0.0
917493 0.0
919885 0.0
943087 0.0
948846 0.0
949217 0.0
949318 0.0
950986 0.0
976284 0.0
987197 0.0
990075 0.0
1050679 0.0
1059953 0.0
1061127 0.0
1063773 0.0
1071981 0.0
1095507 0.0
1102364 0.0
1102407 0.0
1102548 0.0
1102567 0.0
1102646 0.0
1102761 0.0
1102794 0.0
1102850 0.0
1102873 0.0
1103383 0.0
1103394 0.0
1103499 0.0
1103960 0.0
1103985 0.0
1104031 0.0
1104191 0.0
1104261 0.0
1104435 0.0
1104495 0.0
1104749 0.0
1104769 0.0
1104809 0.0
1104946 0.0
1104999 0.0
1105011 0.0
1105033 0.0
1105062 0.0
1105221 0.0
1105360 0.0
1105394 0.0
1105433 0.0
1105505 0.0
1105530 0.0
1105622 0.0
1105698 0.0
1105877 0.0
1106298 0.0
1106547 0.0
1106671 0.0
1106764 0.0
1106849 0.0
1106854 0.0
1106966 0.0
1107062 0.0
1107067 0.0
1107095 0.0
1107136 0.0
1107171 0.0
1107319 0.0
1107325 0.0
1107355 0.0
1107385 0.0
1107418 0.0
1107558 0.0
1107674 0.0
1107728 0.0
1107808 0.0
1108167 0.0
1108169 0.0
1108209 0.0
1108258 0.0
1108363 0.0
1108389 0.0
1108551 0.0
1108570 0.0
1108597 0.0
1108841 0.0
1109017 0.0
1109185 0.0
1109199 0.0
1109208 0.0
1109392 0.0
1109439 0.0
1109542 0.0
1109566 0.0
1109830 0.0
1109957 0.0
1110000 0.0
1110028 0.0
1110209 0.0
1110494 0.0
1110520 0.0
1110531 0.0
1110563 0.0
1110628 0.0
1110768 0.0
1110950 0.0
1111186 0.0
1111230 0.0
1111265 0.0
1111304 0.0
1111614 0.0
1111733 0.0
1111978 0.0
1112026 0.0
1112106 0.0
1112194 0.0
1112319 0.0
1112369 0.0
1112417 0.0
1112574 0.0
1112650 0.0
1112665 0.0
1112911 0.0
1112929 0.0
1113035 0.0
1113084 0.0
1113182 0.0
1113459 0.0
1113534 0.0
1113541 0.0
1113551 0.0
1113614 0.0
1113742 0.0
1113828 0.0
1113852 0.0
1114125 0.0
1114184 0.0
1114192 0.0
1114336 0.0
1114364 0.0
1114398 0.0
1114526 0.0
1114605 0.0
1114629 0.0
1114838 0.0
1114992 0.0
1115166 0.0
1115291 0.0
1115375 0.0
1115471 0.0
1115670 0.0
1115677 0.0
1115886 0.0
1116146 0.0
1116181 0.0
1116328 0.0
1116336 0.0
1116397 0.0
1116530 0.0
1116569 0.0
1116629 0.0
1116835 0.0
1116839 0.0
1117049 0.0
1117089 0.0
1117219 0.0
1117249 0.0
1117760 0.0
1117786 0.0
1117833 0.0
1117920 0.0
1118017 0.0
1118083 0.0
1118092 0.0
1118120 0.0
1118286 0.0
1118347 0.0
1118546 0.0
1118658 0.0
1118848 0.0
1119004 0.0
1119178 0.0
1119180 0.0
1119211 0.0
1119216 0.0
1119654 0.0
1119671 0.0
1119742 0.0
1120019 0.0
1120020 0.0
1120059 0.0
1120084 0.0
1120197 0.0
1120252 0.0
1120650 0.0
1120713 0.0
1120786 0.0
1120858 0.0
1120866 0.0
1120880 0.0
1121063 0.0
1121176 0.0
1121313 0.0
1121398 0.0
1121603 0.0
1121659 0.0
1121739 0.0
1122304 0.0
1122574 0.0
1123093 0.0
1123188 0.0
1123239 0.0
1123493 0.0
1123553 0.0
1123689 0.0
1123867 0.0
1123991 0.0
1124837 0.0
1124844 0.0
1125082 0.0
1125258 0.0
1125402 0.0
1125467 0.0
1125597 0.0
1125906 0.0
1125909 0.0
1125944 0.0
1125953 0.0
1125993 0.0
1126011 0.0
1126315 0.0
1126350 0.0
1127430 0.0
1127541 0.0
1127551 0.0
1127566 0.0
1127657 0.0
1127810 0.0
1127863 0.0
1128151 0.0
1128198 0.0
1128201 0.0
1128204 0.0
1128208 0.0
1128267 0.0
1128369 0.0
1128453 0.0
1128531 0.0
1128542 0.0
1128846 0.0
1128853 0.0
1128856 0.0
1128881 0.0
1128927 0.0
1128945 0.0
1128946 0.0
1128959 0.0
1128974 0.0
1128975 0.0
1128982 0.0
1128990 0.0
1128997 0.0
1129018 0.0
1129021 0.0
1129027 0.0
1129040 0.0
1129106 0.0
1129111 0.0
1129208 0.0
1129368 0.0
1129369 0.0
1129442 0.0
1129443 0.0
1129494 0.0
1129518 0.0
1129573 0.0
1129778 0.0
1129798 0.0
1129907 0.0
1129994 0.0
1130069 0.0
1130080 0.0
1130243 0.0
1130356 0.0
1130454 0.0
1130568 0.0
1130586 0.0
1130634 0.0
1130637 0.0
1130653 0.0
1130657 0.0
1130676 0.0
1130847 0.0
1130856 0.0
1130915 0.0
1130927 0.0
1130929 0.0
1130931 0.0
1130934 0.0
1131163 0.0
1131164 0.0
1131165 0.0
1131167 0.0
1131172 0.0
1131180 0.0
1131184 0.0
1131189 0.0
1131192 0.0
1131195 0.0
1131198 0.0
1131223 0.0
1131230 0.0
1131236 0.0
1131266 0.0
1131301 0.0
1131305 0.0
1131312 0.0
1131314 0.0
1131330 0.0
1131334 0.0
1131335 0.0
1131345 0.0
1131348 0.0
1131359 0.0
1131374 0.0
1131414 0.0
1131420 0.0
1131421 0.0
1131464 0.0
1131466 0.0
1131550 0.0
1131607 0.0
1131611 0.0
1131634 0.0
1131734 0.0
1131741 0.0
1131745 0.0
1131752 0.0
1131754 0.0
1131828 0.0
1132073 0.0
1132285 0.0
1132385 0.0
1132406 0.0
1132416 0.0
1132418 0.0
1132443 0.0
1132461 0.0
1132857 0.0
1132864 0.0
1132887 0.0
1132922 0.0
1133008 0.0
1133028 0.0
1133047 0.0
1133338 0.0
1133390 0.0
1133428 0.0
1133469 0.0
1133846 0.0
1133930 0.0
1134022 0.0
1134031 0.0
1134056 0.0
1134197 0.0
1134346 0.0
1134865 0.0
1135108 0.0
1135345 0.0
1135358 0.0
1135368 0.0
1135455 0.0
1135746 0.0
1135899 0.0
1135955 0.0
1136040 0.0
1136110 0.0
1136310 0.0
1136342 0.0
1136393 0.0
1136442 0.0
1136449 0.0
1136631 0.0
1136634 0.0
1136791 0.0
1136814 0.0
1137140 0.0
1137466 0.0
1138027 0.0
1138091 0.0
1138619 0.0
1138755 0.0
1138970 0.0
1139009 0.0
1139195 0.0
1140230 0.0
1140231 0.0
1140289 0.0
1140547 0.0
1140548 0.0
1152150 0.0
1152162 0.0
1152179 0.0
1152244 0.0
1152272 0.0
1152379 0.0
1152394 0.0
1152436 0.0
1152490 0.0
1152508 0.0
1152564 0.0
1152569 0.0
1152663 0.0
1152711 0.0
1152740 0.0
1152821 0.0
1152858 0.0
1152859 0.0
1152904 0.0
1152910 0.0
1152917 0.0
1152944 0.0
1152958 0.0
1152959 0.0
1153031 0.0
1153056 0.0
1153064 0.0
1153065 0.0
1153097 0.0
1153106 0.0
1153148 0.0
1153169 0.0
1153183 0.0
1153254 0.0
1153577 0.0
1153736 0.0
1153784 0.0
1153786 0.0
1153811 0.0
1153861 0.0
1153866 0.0
1153877 0.0
1153879 0.0
1153889 0.0
1153896 0.0
1153897 0.0
1153922 0.0
1153945 0.0
1153946 0.0
1154012 0.0
1154042 0.0
1154071 0.0
1154074 0.0
1154173 0.0
1154176 0.0
1154230 0.0
1154233 0.0
1154276 0.0
1154500 0.0
1154520 0.0
1154524 0.0
1154525 0.0
1155073 0.0
