1365 0.183178
114 0.081624
24966 0.078451
4584 0.061274
82920 0.04732
39127 0.047068
2653 0.046273
4335 0.043698
3218 0.042521
230879 0.04244
1481 0.041075
117 0.034622
2654 0.032621
46491 0.031683
3243 0.031325
18777 0.031159
10798 0.030493
686532 0.030234
240321 0.027881
9513 0.027132
6741 0.026945
8594 0.026747
32083 0.026704
99025 0.02663
11335 0.025888
29492 0.02575
16008 0.025472
194609 0.025455
14062 0.025417
31349 0.025325
1129442 0.025325
249858 0.025283
73162 0.025182
1131719 0.024816
6209 0.02481
976284 0.024635
164 0.024598
16485 0.024264
1114192 0.02412
57119 0.024116
1134865 0.024056
4649 0.023974
342802 0.023775
2695 0.023775
1107567 0.02362
141171 0.022717
6814 0.022664
1123188 0.022637
1959 0.022631
6910 0.022487
4804 0.022404
1120643 0.022334
27623 0.022286
6784 0.022279
3231 0.022086
57948 0.021688
28957 0.02164
1104007 0.021462
27895 0.02142
5966 0.02139
20584 0.021347
124734 0.021312
111866 0.021307
36620 0.020982
194617 0.0209
36162 0.020747
1114777 0.020724
14531 0.020561
3232 0.020549
1129835 0.020538
1129572 0.020252
38537 0.019984
33231 0.019925
13212 0.019882
59626 0.01978
45533 0.019746
10169 0.01959
13658 0.01947
31479 0.01944
1108167 0.019437
573553 0.019412
19231 0.019404
906 0.019364
32276 0.019309
63486 0.019294
1111240 0.019237
40886 0.019207
134307 0.019206
136766 0.019178
256106 0.019166
911198 0.019111
49844 0.018988
593210 0.018907
1129994 0.018873
662416 0.018835
1132968 0.018824
69284 0.01878
1106418 0.018623
23070 0.018575
1107067 0.018486
6125 0.01842
1107171 0.018403
12158 0.018368
910 0.018144
54132 0.018142
593240 0.018113
68495 0.018046
59798 0.018031
1108389 0.01801
6771 0.017978
1000012 0.017953
936 0.017948
582343 0.017946
633081 0.017884
6385 0.017862
1118083 0.017846
1108834 0.017797
323128 0.017796
57764 0.01778
219239 0.017688
1114442 0.017676
592830 0.017642
8872 0.017611
49843 0.017603
395547 0.017594
16437 0.017567
1246 0.017513
1120777 0.017504
103543 0.017495
12199 0.017447
578645 0.017415
1131236 0.017409
189566 0.01737
6334 0.017359
8874 0.017322
646286 0.017312
24974 0.017289
1106388 0.017288
7047 0.017285
1103960 0.017265
45189 0.017218
25805 0.017209
1153577 0.017153
42221 0.017151
30901 0.017145
1105932 0.017123
135464 0.017083
1120858 0.017078
1122642 0.017078
395553 0.017074
110163 0.01705
1131728 0.01704
65650 0.017
39126 0.016995
411005 0.016985
591017 0.01697
22386 0.016954
1119471 0.016946
1154103 0.016935
644093 0.016919
683355 0.016892
67415 0.016874
12210 0.016859
1106492 0.016858
5069 0.016857
1128935 0.016842
645897 0.016813
77515 0.016735
1112574 0.016735
1103038 0.016724
28504 0.016712
1132461 0.016671
801170 0.016653
12247 0.016576
645016 0.016565
87417 0.016536
18615 0.016525
3222 0.01652
11148 0.016497
39131 0.016432
1125992 0.016411
1131301 0.016411
134316 0.016408
82087 0.016402
124952 0.01636
1104809 0.016358
193354 0.01632
683404 0.016316
126927 0.016293
110164 0.016286
139547 0.016275
1153811 0.016254
211432 0.016213
1109581 0.016213
1135746 0.016206
1108050 0.016184
431206 0.016183
2702 0.016166
17201 0.016152
200480 0.016113
179702 0.016088
42207 0.01607
12337 0.016015
49660 0.016015
1126044 0.015998
1153003 0.01599
118436 0.015986
6898 0.015971
6917 0.015962
12198 0.015944
20850 0.015934
157761 0.015932
6238 0.015917
49847 0.015905
105856 0.015897
1120049 0.015897
192850 0.015866
1136446 0.015818
1124844 0.015818
66594 0.015806
10186 0.015789
167670 0.015683
1108169 0.015669
28254 0.015642
1136397 0.01564
1123530 0.015604
112378 0.015582
66751 0.01558
6539 0.015555
941 0.015544
1154232 0.015537
1114502 0.015535
1127812 0.015504
469504 0.015498
1717 0.015493
91975 0.015488
65653 0.015453
1026 0.015435
358894 0.015413
714748 0.015408
1111304 0.015405
1110426 0.015373
1113035 0.01536
1130539 0.01533
129897 0.015325
1153891 0.015324
314459 0.015317
3233 0.015308
1154123 0.015293
1154124 0.015293
1103394 0.015285
1999 0.015283
116545 0.015274
6343 0.015263
949217 0.015241
1131137 0.015241
119761 0.015226
682815 0.015197
1127851 0.015193
137790 0.01518
299197 0.015161
1121867 0.015148
1120563 0.015127
300071 0.015117
626530 0.015066
293974 0.015064
23069 0.015053
390889 0.014994
1131464 0.014981
31932 0.014976
396412 0.014973
105057 0.014969
1105450 0.014931
46887 0.01493
1123087 0.014925
3236 0.014922
108974 0.014918
12165 0.014872
94713 0.014855
79809 0.014806
1125469 0.014801
1114526 0.014737
1112319 0.014735
1121569 0.014676
51049 0.014673
86840 0.014659
989397 0.014658
1115291 0.014657
272720 0.014653
5055 0.014614
3217 0.014612
1103737 0.014601
389715 0.014573
148399 0.014532
289085 0.01452
593091 0.014512
66990 0.014508
227286 0.014507
1112099 0.014494
12238 0.014494
35797 0.014484
31927 0.01444
1108329 0.014439
34266 0.014433
160705 0.014429
33303 0.014418
87482 0.014412
1123068 0.014409
27530 0.014368
1120650 0.01436
110162 0.01436
175548 0.014359
34263 0.014305
631052 0.014305
1116268 0.014273
48075 0.014265
1123239 0.014265
9515 0.014265
31336 0.014265
43698 0.014265
1112106 0.014265
1128208 0.014265
1133846 0.014265
1138027 0.014265
14807 0.014265
12197 0.014265
116553 0.014253
94639 0.014252
48550 0.014227
294030 0.01418
28641 0.014179
1102751 0.014176
12195 0.014173
70444 0.014169
131318 0.014167
561581 0.014142
1140543 0.014129
15987 0.014116
470511 0.014106
12960 0.014093
562067 0.014085
5038 0.014079
1152896 0.014035
521207 0.014035
1121537 0.013963
14529 0.013963
289780 0.013949
108962 0.013947
559804 0.013928
27250 0.013922
95225 0.013886
1110438 0.013866
16451 0.01386
46431 0.013855
1131312 0.013852
235683 0.013849
5194 0.013843
1128531 0.013833
1132418 0.013825
1110515 0.013818
1136447 0.013779
593813 0.013776
504 0.013774
145215 0.013774
1153097 0.013765
568045 0.013764
63477 0.013753
578347 0.013751
568857 0.013731
197054 0.013724
1120444 0.0137
1153262 0.01369
42156 0.013643
51180 0.01364
689152 0.013633
120039 0.01363
1128453 0.013607
105899 0.013592
30895 0.01358
1106630 0.013576
1153943 0.01354
1131277 0.013527
1105877 0.013511
74937 0.013511
35854 0.013489
168958 0.013489
1119623 0.013489
175576 0.013489
1107319 0.013475
1152150 0.013442
5064 0.013439
1107095 0.013423
578309 0.013418
399370 0.013405
1107572 0.013399
853115 0.013381
23116 0.013361
12182 0.013349
1118388 0.013348
372862 0.013301
192734 0.0133
1114331 0.013297
27612 0.013264
1132443 0.013259
578649 0.013254
642827 0.013246
20923 0.013238
1152162 0.013228
1152272 0.013228
1152904 0.013228
6216 0.013221
3237 0.013196
28456 0.013175
1108267 0.013173
1949 0.01316
1128856 0.013155
1130676 0.013154
210872 0.013152
38000 0.013143
159897 0.013136
1114352 0.013133
612306 0.013122
593559 0.013122
593560 0.013122
193347 0.013122
644334 0.013113
190697 0.013093
14430 0.013087
1155073 0.01308
1152308 0.013072
644470 0.013061
221302 0.013059
696346 0.013028
1128985 0.013027
6318 0.013008
653441 0.012992
594387 0.012983
1118764 0.012981
136768 0.012975
39124 0.012966
654177 0.012952
1105764 0.012947
1104647 0.01294
28471 0.012938
682666 0.012923
83847 0.012919
675649 0.012915
27230 0.012906
6923 0.012906
22876 0.012905
14549 0.012868
1102550 0.01285
1115701 0.012836
1131258 0.012824
1152358 0.01282
1152490 0.012815
1153861 0.012815
40125 0.012809
84021 0.012806
263279 0.012804
1109891 0.012782
987188 0.012747
429805 0.012743
104840 0.012731
143323 0.012714
56167 0.012709
39210 0.012704
646334 0.012693
646357 0.012693
22563 0.012645
2698 0.012643
1120197 0.012643
1131360 0.012633
1116410 0.012631
1117184 0.012631
1117786 0.012621
1120059 0.012616
212777 0.01261
168410 0.012597
463825 0.012583
74975 0.012572
40124 0.012544
1102761 0.012532
636511 0.012515
3223 0.012512
1110531 0.012498
636098 0.012498
1131116 0.012495
1128425 0.012495
45188 0.012485
1132385 0.012485
212930 0.012467
8617 0.012448
1125386 0.012444
33823 0.012432
1110256 0.012415
242663 0.012415
1120169 0.012412
1152290 0.012412
1113459 0.012388
18536 0.012387
68505 0.012378
1113934 0.012372
13686 0.012369
73146 0.012368
107251 0.012367
101145 0.012365
35343 0.012337
1132083 0.012335
395725 0.012312
1109439 0.012311
1120138 0.012281
1130780 0.01228
8703 0.012268
4660 0.012263
592975 0.012251
1103162 0.012242
561789 0.012239
1104379 0.012233
127033 0.012233
63832 0.012229
1104999 0.012229
46468 0.012229
1152143 0.012213
31769 0.01221
1154076 0.012201
648106 0.012199
1131420 0.012199
23258 0.012193
3828 0.012173
1139928 0.012172
1113438 0.012169
1118209 0.012153
22566 0.012145
10435 0.012145
42847 0.012145
56119 0.012142
88356 0.012142
144408 0.012135
1118823 0.01213
96335 0.012121
91853 0.012114
643069 0.012111
1104055 0.01211
167656 0.012102
633721 0.012093
175291 0.012081
13960 0.012067
1119987 0.012035
93923 0.012019
87363 0.012014
33904 0.012002
3085 0.012
27249 0.011995
628764 0.011995
27631 0.011987
103529 0.011976
1130634 0.011968
1135108 0.011963
447250 0.011958
1131611 0.011957
91581 0.011952
593942 0.011945
1128943 0.011941
1128978 0.011941
137359 0.011939
95579 0.011926
117328 0.011914
208345 0.011907
1114864 0.011905
1152633 0.011885
1128430 0.011875
91852 0.011868
601462 0.011867
1131471 0.011851
95589 0.011847
1119708 0.011832
12439 0.01182
40605 0.011813
95188 0.01181
1119751 0.011805
1118658 0.011805
8875 0.011787
755217 0.011784
107252 0.011777
25184 0.011774
273949 0.011755
1106330 0.011753
74698 0.011752
1130567 0.011729
39199 0.011728
434 0.011722
884094 0.011695
70970 0.011691
686061 0.011684
134128 0.011675
33818 0.011672
12169 0.011669
1105344 0.011665
96847 0.011663
27199 0.011663
1106771 0.011639
1116974 0.011639
154134 0.01163
68224 0.011629
95718 0.011608
1131421 0.011601
594649 0.0116
235776 0.011592
80656 0.011592
32698 0.011582
642621 0.011581
12350 0.01156
40583 0.011559
1112071 0.011544
1123215 0.011544
62676 0.011544
9559 0.011544
155158 0.011544
233106 0.011544
522338 0.011544
430711 0.011544
160732 0.011544
102879 0.011542
75695 0.01154
1129683 0.011522
137873 0.011522
129896 0.011505
133566 0.011501
3229 0.011499
210871 0.011485
239800 0.011481
30817 0.01148
714975 0.011464
35852 0.011462
235670 0.01146
1115456 0.011434
166989 0.011414
1128227 0.011414
16474 0.011406
359067 0.011403
1050679 0.011398
14428 0.011394
141868 0.011386
578337 0.01138
27203 0.011373
214472 0.011358
90655 0.011344
1110579 0.011334
1103315 0.011327
80491 0.011324
1121603 0.011324
1110998 0.011324
69296 0.01132
51879 0.011315
417017 0.011307
153063 0.011306
120084 0.0113
28487 0.011299
964248 0.011273
31483 0.011253
18781 0.011239
686015 0.011233
246618 0.011222
1154525 0.011216
645084 0.011213
173884 0.011205
1106287 0.011192
1154068 0.01119
1128319 0.011186
1106172 0.011177
1955 0.011176
6639 0.01115
1237 0.011148
28278 0.011148
69397 0.011141
1128291 0.011141
341188 0.01114
545647 0.011136
582511 0.011136
1953 0.011136
595056 0.011127
428610 0.011121
55801 0.011112
217115 0.011102
9716 0.011097
39165 0.011093
37884 0.011092
3191 0.011084
16476 0.01108
1106764 0.011074
1110947 0.011046
1129608 0.011045
7430 0.01104
714289 0.011039
8821 0.011038
1106236 0.011037
2665 0.01103
763181 0.011029
249421 0.011023
116790 0.011019
289885 0.011016
345340 0.011016
54131 0.011009
11342 0.011007
155736 0.011004
28649 0.011004
446271 0.010991
47684 0.010981
310653 0.01098
23507 0.010971
627024 0.01097
24476 0.01096
20179 0.01096
751408 0.010956
1153183 0.010942
33907 0.010942
1132486 0.01094
39130 0.010933
47682 0.010932
684372 0.01093
50381 0.010926
97892 0.010916
1108728 0.010916
696345 0.010912
1152307 0.010909
1152448 0.010909
1152975 0.010909
1153703 0.010909
1102400 0.010908
152226 0.010902
108047 0.0109
1120431 0.010898
646900 0.010895
643485 0.010894
39474 0.010882
1153195 0.010875
66794 0.010875
753047 0.010871
35922 0.010867
128540 0.010851
387795 0.010851
5869 0.010848
1105531 0.01084
510718 0.010838
63812 0.010838
1114512 0.010823
149669 0.01082
385067 0.010801
1110209 0.01079
1135750 0.010789
6220 0.010784
51834 0.01078
1120731 0.01077
1105672 0.010767
523574 0.010764
1135082 0.010763
368431 0.010739
7297 0.010728
1123756 0.010723
590022 0.010721
198443 0.010707
1153148 0.0107
102406 0.01069
83449 0.010685
1133004 0.010684
13656 0.01068
28412 0.010679
20920 0.010676
523394 0.010675
1116347 0.010673
68463 0.010668
1129778 0.010666
350362 0.010662
24043 0.010658
60169 0.010652
131315 0.010643
134219 0.010642
184918 0.010637
1104449 0.010627
1111978 0.010625
41666 0.010625
267824 0.01061
284025 0.010607
16819 0.010607
28491 0.010604
116084 0.010602
561595 0.010596
142268 0.010596
28447 0.010587
18811 0.010567
7276 0.010565
1112911 0.010552
133563 0.010551
1119295 0.010539
78994 0.010533
853116 0.010531
19621 0.010531
853155 0.010531
7272 0.010523
180373 0.010502
1131334 0.010502
28287 0.010471
1153897 0.010471
643221 0.010466
18832 0.010464
1127863 0.010464
75972 0.01046
195150 0.01046
634975 0.010455
6941 0.010445
1125393 0.010441
1786 0.010432
1127913 0.010423
756061 0.010415
33325 0.010414
1126350 0.010411
6224 0.010399
767763 0.010384
695284 0.010371
78511 0.010371
1153160 0.010356
1107674 0.010347
708945 0.010331
561809 0.010329
521251 0.010325
429781 0.010324
248119 0.010313
118873 0.010307
193931 0.010306
1102625 0.010305
1106546 0.010304
124064 0.010299
259126 0.010293
1095507 0.010289
1117920 0.01028
1109830 0.010279
649944 0.010279
145315 0.010279
73712 0.010279
1108258 0.010279
1112194 0.010279
162080 0.010279
1131184 0.010279
1132857 0.010279
126868 0.010279
683294 0.010279
642920 0.010279
738941 0.010279
23502 0.010279
55770 0.010273
20601 0.010267
20602 0.010267
264556 0.010267
689439 0.010266
1110546 0.010264
1153728 0.010262
1103676 0.01026
263553 0.010258
578780 0.010254
1111186 0.01025
1114398 0.01025
1129629 0.010239
25413 0.010232
1153853 0.010231
1118092 0.010219
50337 0.010207
954315 0.010198
589923 0.010186
576691 0.010185
236759 0.010177
1106406 0.010167
3112 0.010165
1129610 0.010156
144679 0.010141
1123576 0.010132
1152277 0.010129
1152673 0.010129
1154251 0.010129
593105 0.010117
1152958 0.010117
560936 0.010116
1125092 0.010116
197783 0.010112
69418 0.010111
650834 0.010109
1103016 0.010107
1153287 0.010106
38480 0.010105
976334 0.010095
562940 0.010091
647447 0.010091
130 0.01009
6155 0.010079
77826 0.010073
74821 0.010072
592986 0.010066
67584 0.01004
395075 0.010037
4330 0.010035
285675 0.010032
62274 0.010031
82090 0.010021
509315 0.010021
175256 0.010018
519353 0.010015
647413 0.010015
1115375 0.010001
6311 0.009999
1111788 0.009999
211875 0.009996
116087 0.009994
928873 0.009993
3095 0.009981
346243 0.009977
55403 0.009968
1153866 0.009968
1114388 0.009958
348437 0.00995
330208 0.00994
1127619 0.009939
1104851 0.009934
1115959 0.00993
1133010 0.009921
714260 0.009914
52784 0.009909
20526 0.009909
169279 0.009892
1152244 0.00988
1152711 0.009874
159084 0.009874
17476 0.009867
51045 0.009865
116528 0.009858
64319 0.009856
262178 0.009851
1956 0.009849
975567 0.009832
38722 0.009829
232606 0.009829
1154176 0.009813
1688 0.009813
66805 0.009813
1128204 0.009813
763009 0.009809
1107418 0.009795
242637 0.009777
69392 0.009776
28385 0.009773
58436 0.009771
141324 0.00977
593859 0.00977
1106370 0.009759
36167 0.009755
189572 0.009754
15984 0.009749
1152421 0.009748
1153280 0.009748
1154459 0.009748
1112686 0.009747
445938 0.00974
578646 0.009734
628668 0.009724
626999 0.009716
66563 0.009707
1103979 0.009704
1122425 0.009695
17208 0.009694
608191 0.009675
739816 0.009671
63931 0.009668
151430 0.009665
1121459 0.009617
3101 0.009612
6130 0.009607
78557 0.009599
1116922 0.009595
189577 0.009584
1129621 0.009552
1152564 0.00955
1116397 0.009548
892139 0.009545
152219 0.009531
684972 0.00953
1114239 0.009524
1138968 0.00952
1105433 0.009518
1131150 0.009516
195792 0.009513
370366 0.009512
1136814 0.009508
633585 0.009506
1128946 0.009503
1131634 0.009498
1112723 0.009496
1152259 0.00949
1152991 0.00949
193932 0.009488
18619 0.009488
1114222 0.009486
1113926 0.009478
6184 0.009477
1385 0.00946
1107355 0.00946
578306 0.009457
277263 0.009452
31043 0.009447
1107215 0.009446
12576 0.00944
1107455 0.009427
1113852 0.009425
1132505 0.009423
644494 0.009412
66982 0.009405
390894 0.009401
444240 0.009396
595063 0.009396
1128975 0.009396
101811 0.009383
1110563 0.009383
310530 0.009377
263482 0.009357
1120962 0.009348
449841 0.009346
601561 0.009334
1059953 0.00933
28336 0.009329
95642 0.009328
66564 0.009326
416455 0.009322
1022969 0.009316
1128314 0.009316
81350 0.009309
1110390 0.009309
390896 0.009308
1107010 0.009306
207395 0.009302
1121254 0.009298
8699 0.009292
411092 0.009288
119956 0.009276
6210 0.009272
1117219 0.009269
1135137 0.00926
531348 0.009259
531351 0.009259
409725 0.009257
353541 0.009254
575292 0.009249
1131149 0.009246
38845 0.00923
576795 0.009225
1105574 0.009223
521855 0.009222
1140040 0.009222
28202 0.009217
1112929 0.009212
521183 0.009195
1105148 0.009191
44368 0.009179
1130678 0.009178
171954 0.009176
390922 0.009173
71736 0.009163
86923 0.009159
56709 0.009158
641976 0.009157
1119140 0.009154
1107312 0.009151
5086 0.009142
1118245 0.009129
22883 0.009128
1131607 0.009128
1113828 0.009126
328370 0.00912
308529 0.009103
127940 0.009099
1153899 0.009093
1105718 0.009092
50838 0.009091
368605 0.009087
99023 0.009084
23448 0.00908
85452 0.009073
552469 0.009073
1123867 0.009073
205196 0.009071
44514 0.00907
35863 0.009067
1108175 0.009053
179180 0.009051
1130680 0.009051
1135894 0.009045
6939 0.009045
43186 0.009043
8581 0.009043
662572 0.009025
114189 0.009021
1115670 0.009015
270600 0.009013
38829 0.009011
63915 0.009006
1135125 0.009001
1110024 0.008999
188318 0.008998
1128997 0.008989
1106401 0.008986
1131374 0.008968
49811 0.008966
1108551 0.008966
1152917 0.00896
1154524 0.008957
1104258 0.008953
1131314 0.008951
131042 0.00895
5454 0.00895
6935 0.008934
1119078 0.008927
144212 0.008921
189655 0.008916
18770 0.008906
189571 0.008904
86359 0.008901
1107062 0.0089
1113831 0.008899
216878 0.008898
118682 0.008896
6818 0.008884
643734 0.008878
1129015 0.008876
240791 0.008863
1111052 0.008863
17811 0.008859
14090 0.008853
70441 0.008846
340075 0.008846
83746 0.008832
189774 0.008831
1110520 0.008824
1154233 0.008821
1135122 0.008818
77108 0.008815
308232 0.00881
255628 0.008794
1034 0.008793
4274 0.008793
36131 0.008783
1123689 0.008769
7532 0.008766
170338 0.008745
166825 0.008743
1136393 0.008737
55968 0.008719
22886 0.008715
1117618 0.008706
230884 0.008706
1130808 0.008706
1132948 0.008706
1105428 0.008703
51909 0.008698
1153922 0.008692
206371 0.00869
226698 0.008683
215912 0.008676
49482 0.008675
83826 0.008675
948299 0.008675
1133417 0.008671
1113739 0.008671
27543 0.008669
66596 0.008661
280876 0.00866
273152 0.008659
1122704 0.008657
1109873 0.008657
1114336 0.008647
1120713 0.008647
566664 0.008647
95586 0.008638
459214 0.008637
243483 0.008637
29723 0.008626
137956 0.008624
143676 0.008622
102938 0.008622
6925 0.008612
96845 0.008611
22431 0.008609
1152714 0.008607
58552 0.008604
1122460 0.008604
1114118 0.008604
310742 0.008604
308003 0.008604
714879 0.008602
1116569 0.0086
2658 0.008599
101263 0.008598
1153169 0.008595
1109392 0.008591
270456 0.008591
1131167 0.008583
1126050 0.008582
20178 0.008578
73327 0.008569
1128437 0.00856
13024 0.008558
1106052 0.008552
1131741 0.008551
154982 0.008546
117316 0.008546
101662 0.008539
1153064 0.008539
8961 0.008539
1111899 0.008537
7419 0.008533
899119 0.008532
18812 0.008526
13654 0.008523
1107367 0.00852
181782 0.008509
12946 0.008509
330148 0.008508
57922 0.008507
628500 0.008506
188471 0.008506
1130600 0.008506
753265 0.008505
6163 0.008504
6214 0.008503
1033 0.008502
190706 0.008502
118260 0.008497
157805 0.008491
92589 0.008491
567018 0.008485
950986 0.008485
158172 0.008484
20528 0.008483
32260 0.008472
39403 0.008468
230300 0.008465
126926 0.00846
334153 0.008447
1126029 0.008443
66556 0.008441
45052 0.00844
447224 0.00844
134199 0.008439
1110000 0.008438
218682 0.008436
1153014 0.008433
35061 0.008432
503871 0.008432
193742 0.008431
636500 0.008429
1694 0.008422
6913 0.00842
62634 0.008417
20593 0.008415
521252 0.00841
3097 0.008405
1135899 0.008401
191222 0.008399
592993 0.008395
1131565 0.008394
561568 0.008392
1131223 0.008392
626574 0.008389
1130454 0.008389
152483 0.008387
820662 0.008373
22875 0.008366
128 0.008366
286513 0.008365
1153816 0.008354
45605 0.008345
1129907 0.008331
608292 0.00833
1115677 0.008323
190698 0.00832
118079 0.008314
1128974 0.008301
169280 0.008276
423463 0.008274
561364 0.008274
1125909 0.008268
1129518 0.008268
6378 0.00825
65074 0.008234
591016 0.008232
950305 0.008214
733534 0.008213
646913 0.008212
33301 0.008211
120013 0.00821
144330 0.008208
1105530 0.0082
1129111 0.0082
20924 0.008192
1108656 0.008187
83725 0.008185
1130847 0.008172
28387 0.008169
1154276 0.008167
628751 0.008159
6344 0.008154
1118848 0.008139
1126503 0.008136
62718 0.008134
1112426 0.008132
80515 0.00813
632796 0.008128
632874 0.008128
424540 0.008125
12211 0.008112
1129570 0.008111
1132706 0.008111
815096 0.0081
255233 0.008096
1132434 0.008095
1136791 0.008094
1110028 0.008091
1121063 0.008091
106590 0.008088
37888 0.008088
307656 0.008083
1116336 0.008072
82666 0.008069
20534 0.008068
647408 0.008061
1129208 0.008055
263069 0.008044
155277 0.008035
1133008 0.008035
47839 0.008035
1154173 0.008035
60560 0.008035
62607 0.008035
67633 0.008035
1119654 0.008035
1120019 0.008035
1123493 0.008035
1130080 0.008035
1130243 0.008035
7041 0.008035
10531 0.008035
35335 0.008035
38771 0.008035
43165 0.008035
48781 0.008035
73972 0.008035
114966 0.008035
286562 0.008035
321004 0.008035
421481 0.008035
594119 0.008035
594483 0.008035
686559 0.008035
739280 0.008035
1063773 0.008035
1105622 0.008035
1117049 0.008035
1124837 0.008035
1129040 0.008035
1131163 0.008035
1139195 0.008035
1152858 0.008035
1153946 0.008035
14545 0.008035
44121 0.008035
49720 0.008035
49753 0.008035
50807 0.008035
58758 0.008035
193352 0.008035
232860 0.008035
400455 0.008035
458439 0.008035
529165 0.008035
578845 0.008035
604073 0.008035
617575 0.008035
621555 0.008035
746058 0.008035
1126315 0.008035
1129021 0.008035
1129494 0.008035
1130069 0.008035
1131195 0.008035
1131330 0.008035
1131414 0.008035
1131754 0.008035
1132073 0.008035
1133930 0.008035
4553 0.008035
10177 0.008035
13982 0.008035
17821 0.008035
31353 0.008035
34979 0.008035
59772 0.008035
72805 0.008035
89547 0.008035
116512 0.008035
121792 0.008035
133628 0.008035
206524 0.008035
210309 0.008035
219218 0.008035
237376 0.008035
367312 0.008035
368657 0.008035
375825 0.008035
376704 0.008035
384428 0.008035
397488 0.008035
423816 0.008035
617378 0.008035
628459 0.008035
646412 0.008035
648369 0.008035
1102850 0.008035
1104749 0.008035
1112417 0.008035
1116328 0.008035
1134056 0.008035
1134197 0.008035
1136040 0.008035
1138619 0.008035
1139009 0.008035
1152379 0.008035
2696 0.008035
33895 0.008035
50980 0.008035
51934 0.008035
75318 0.008035
103430 0.008035
103528 0.008035
111676 0.008035
115188 0.008035
123556 0.008035
133553 0.008035
187260 0.008035
228990 0.008035
228992 0.008035
289088 0.008035
292277 0.008035
302545 0.008035
348305 0.008035
380341 0.008035
576973 0.008035
628458 0.008035
633030 0.008035
633031 0.008035
642593 0.008035
653628 0.008035
654519 0.008035
662250 0.008035
709518 0.008035
752684 0.008035
754594 0.008035
779960 0.008035
814836 0.008035
820661 0.008035
824245 0.008035
917493 0.008035
1104435 0.008035
1110628 0.008035
1110950 0.008035
1113084 0.008035
1131345 0.008035
1135955 0.008035
1137140 0.008035
1154074 0.008035
463 0.008035
4983 0.008035
5348 0.008035
7867 0.008035
11326 0.008035
11339 0.008035
15429 0.008035
27606 0.008035
44017 0.008035
45061 0.008035
50354 0.008035
141160 0.008035
154047 0.008035
180301 0.008035
294145 0.008035
315789 0.008035
379288 0.008035
430574 0.008035
711994 0.008035
817774 0.008035
1104191 0.008035
1120880 0.008035
1125258 0.008035
58454 0.008035
89308 0.008035
154023 0.008035
245955 0.008035
899085 0.008035
1102548 0.008035
1107808 0.008035
1108570 0.008035
1152394 0.008035
408885 0.008035
610529 0.008035
1107728 0.008035
688824 0.008035
29738 0.008035
1152740 0.008033
1108363 0.008033
1121313 0.008033
27174 0.008023
14431 0.008022
1103969 0.008022
1109199 0.00801
643239 0.008007
1131335 0.008007
1105231 0.008004
578650 0.008003
286500 0.007999
1106112 0.007999
385251 0.007997
583318 0.007996
1135115 0.007994
23738 0.007987
189856 0.007986
576362 0.007986
1154012 0.007978
644843 0.007977
5062 0.007972
30973 0.007972
42848 0.007972
696342 0.007971
1153101 0.007969
1153150 0.007969
35905 0.007963
1114992 0.007957
1103031 0.007929
1152761 0.007925
1153860 0.007925
1132815 0.007913
1131270 0.007912
593104 0.007895
309476 0.007891
87915 0.007878
1131300 0.007876
415693 0.007875
1131550 0.00786
1132459 0.007857
289779 0.007857
289781 0.007857
562123 0.007844
22874 0.007837
128383 0.007835
650807 0.007829
9586 0.007825
254923 0.007823
709113 0.007807
135130 0.007797
1129573 0.007797
13193 0.007787
646809 0.007785
31083 0.007776
654326 0.007768
52515 0.007768
444191 0.007768
509379 0.007764
95594 0.007741
145384 0.007741
1128256 0.007734
1134022 0.00773
48766 0.007727
75121 0.007722
1113551 0.007718
1107861 0.007712
948147 0.00771
10796 0.007695
595193 0.007683
1103383 0.007683
1128369 0.007683
1104300 0.00768
13717 0.00768
340078 0.007673
1115471 0.007669
1109957 0.007666
1131639 0.007665
643695 0.007664
643597 0.007654
259702 0.007645
143801 0.007644
1131274 0.007639
308920 0.007639
1138043 0.007638
1113182 0.007638
1117760 0.007638
561610 0.007636
131117 0.007635
943 0.007607
601567 0.007604
3084 0.007596
95435 0.007595
1105116 0.007593
1106298 0.007591
787016 0.00759
63835 0.007587
299195 0.007583
177998 0.007583
644427 0.00758
1997 0.007579
315266 0.007577
3192 0.007573
217852 0.007572
93320 0.007568
1153784 0.007555
101143 0.007554
574710 0.007547
1140289 0.007544
53942 0.007538
75691 0.007536
238099 0.007534
1105221 0.007533
593921 0.007522
1128536 0.007506
561611 0.007504
28026 0.007501
28249 0.007501
1116044 0.007499
155738 0.007493
1128407 0.00749
20180 0.007484
28265 0.007484
753264 0.007483
59715 0.007478
1115790 0.007476
1153024 0.007471
161221 0.007465
1106103 0.007449
644577 0.007449
1131257 0.007449
887 0.007444
1128839 0.007438
59244 0.007426
40135 0.007426
202639 0.007422
579008 0.007421
19045 0.007417
67246 0.007406
78549 0.007403
1112767 0.0074
137849 0.007399
753070 0.007398
1131305 0.007398
18582 0.007397
576725 0.007388
694759 0.007388
1103985 0.007388
1133338 0.007388
1153065 0.007388
294239 0.007385
78555 0.00738
75983 0.007376
1107041 0.007369
1113614 0.007356
1106966 0.007356
50336 0.007355
129045 0.007355
1136449 0.007352
120817 0.007352
136767 0.007351
1130927 0.007347
1130931 0.007347
671293 0.007343
46452 0.007341
1129243 0.007341
187354 0.007338
85449 0.007338
264347 0.007335
645088 0.007325
85324 0.007319
158098 0.007314
93273 0.007312
18815 0.007311
506 0.007308
89416 0.007308
1102364 0.007308
237489 0.007305
513189 0.007299
1136631 0.007298
1120084 0.007298
13269 0.007295
284023 0.007291
38205 0.007288
6346 0.007287
27241 0.007286
561582 0.007285
6767 0.007271
1104787 0.00727
119686 0.007266
180399 0.007266
782486 0.007264
72101 0.007257
134314 0.007256
321861 0.007248
593260 0.007248
81714 0.007244
25772 0.00724
46501 0.00724
63549 0.007233
213246 0.007226
1120020 0.007223
13972 0.007217
77438 0.007211
576257 0.007209
272345 0.007201
6215 0.007194
1112369 0.007185
1117653 0.007181
206259 0.007174
98698 0.007164
1108209 0.007162
649730 0.007161
649739 0.007161
1130915 0.007159
33013 0.007155
1131549 0.007146
573978 0.00714
1103610 0.007139
116552 0.007137
11325 0.007132
1127566 0.00713
646195 0.007129
1121057 0.007127
1119505 0.007124
41714 0.007124
1117476 0.007123
1117501 0.007121
229635 0.00712
278394 0.007118
28227 0.007117
162664 0.007117
159085 0.007115
241821 0.007115
1102442 0.007113
399339 0.007107
1153091 0.007103
424 0.007096
440815 0.00709
1125467 0.007086
13195 0.007076
641956 0.00707
1127558 0.007069
1106547 0.007063
84459 0.00706
1154229 0.007055
15076 0.007055
32872 0.007052
1128990 0.007049
350319 0.007038
111770 0.007034
258259 0.007034
93755 0.007034
15431 0.007034
6151 0.00703
6213 0.00703
8696 0.00702
38839 0.00702
1123926 0.007019
1105505 0.007016
593328 0.007009
688361 0.007003
174418 0.006991
1122580 0.006984
1153900 0.006981
56708 0.006968
1128982 0.006951
593329 0.006946
174425 0.006941
232605 0.006937
1132809 0.006937
1102646 0.006928
1154042 0.006928
64271 0.006913
582139 0.00691
1153275 0.006908
385572 0.006904
1106568 0.006893
693143 0.006893
573535 0.006893
35 0.006881
395540 0.006878
28485 0.006878
648121 0.006871
135765 0.006871
17798 0.006868
158614 0.006868
711598 0.006868
1105887 0.006864
711527 0.006862
594511 0.006861
34961 0.006857
1117942 0.006856
1128868 0.006853
37541 0.006839
1131557 0.006826
108963 0.006822
672070 0.006813
672071 0.006813
8213 0.006813
123825 0.006795
58540 0.006794
2354 0.006792
74749 0.006792
117315 0.006792
261040 0.006779
60170 0.006772
100961 0.006772
1116629 0.006772
66986 0.006772
182094 0.006764
34355 0.006763
51052 0.006761
62347 0.006756
27632 0.006751
686030 0.006751
13205 0.006748
675756 0.006744
20821 0.006739
1102567 0.006738
1135589 0.006727
1152194 0.006716
346292 0.006702
1112075 0.006693
52007 0.006685
987197 0.006679
1132406 0.006674
126912 0.006661
27535 0.006655
3235 0.006653
178718 0.006652
1130929 0.006645
202520 0.006636
1117348 0.006635
1105603 0.006626
13208 0.006623
1114605 0.006612
39904 0.006612
1131745 0.006612
1129018 0.006595
1125895 0.00656
20833 0.006557
1119216 0.006549
6786 0.006543
307336 0.006539
436796 0.006538
648112 0.006534
22229 0.006507
144701 0.006507
467383 0.006502
1118332 0.0065
672064 0.006499
358887 0.006491
1105810 0.00649
1106789 0.00649
45212 0.006488
205192 0.006484
6782 0.006478
523010 0.006477
1153945 0.006471
1129367 0.006467
57773 0.006455
235678 0.006455
235679 0.006455
61069 0.00645
1133428 0.00645
675847 0.00645
1113742 0.006446
950052 0.006446
1114153 0.006446
6196 0.006445
592996 0.006434
502574 0.006431
31863 0.006418
1114629 0.006417
1128977 0.006414
1131466 0.006411
12638 0.006405
231198 0.006393
851968 0.006393
1152944 0.006385
98693 0.006385
51866 0.006376
14429 0.006374
34082 0.006374
73119 0.006374
73323 0.006373
1126037 0.006373
16461 0.006371
13213 0.006369
340299 0.006369
1116594 0.006369
595157 0.006364
594900 0.006361
1131752 0.006361
594543 0.006361
27510 0.006361
561238 0.006361
574462 0.006361
640617 0.006361
1127430 0.006361
1129027 0.006361
103515 0.006361
140569 0.006348
631015 0.006345
594047 0.006345
578365 0.00633
567005 0.006316
592826 0.006314
52000 0.006294
737204 0.006294
52835 0.006291
152227 0.006286
575402 0.006281
71904 0.00628
671052 0.00628
1132416 0.00628
149139 0.00628
288107 0.00628
683360 0.00628
1132864 0.00628
12275 0.00628
630890 0.00628
14083 0.00628
312409 0.00628
8687 0.00628
75969 0.00628
397590 0.00628
1128853 0.00628
212097 0.00628
212107 0.00628
252725 0.00628
1102794 0.00628
1106671 0.006279
1134348 0.006278
27531 0.006273
1114664 0.006271
152731 0.006269
1153933 0.006262
102939 0.006261
133567 0.006259
216877 0.006238
94416 0.006238
35070 0.006233
1153264 0.006233
1107140 0.006227
1120786 0.006221
1110768 0.006221
197452 0.0062
70520 0.006185
1035 0.006183
133550 0.006181
1125492 0.006178
1153166 0.006178
1153724 0.006178
1107385 0.006173
1133196 0.006172
59045 0.006172
164885 0.006167
3240 0.006158
1107325 0.006158
112787 0.006154
1116146 0.006154
56115 0.00615
102884 0.006148
95719 0.006147
99030 0.006147
16470 0.006145
1117833 0.006132
263486 0.006132
1118302 0.006132
92065 0.006131
1126012 0.006131
1131198 0.006131
27243 0.006123
1131828 0.006121
18833 0.006113
25791 0.006107
1134346 0.006102
110041 0.006099
293285 0.006098
70442 0.006087
96851 0.006079
58453 0.006079
36145 0.006074
20972 0.006072
20942 0.00607
139865 0.006064
18774 0.006061
575331 0.006058
1131267 0.006051
577331 0.006044
1131359 0.006039
18773 0.006035
8619 0.006033
1134320 0.006033
1140547 0.006029
23546 0.006027
72908 0.006027
1061127 0.006027
1153254 0.006027
20592 0.006027
198866 0.006009
217139 0.006007
1135358 0.005998
70281 0.005997
643199 0.00598
594011 0.005973
1153896 0.005973
521269 0.005972
28964 0.005971
79817 0.005959
129558 0.005955
90888 0.005953
157401 0.005953
949511 0.005953
1131647 0.005953
1131748 0.005953
1154169 0.005953
1120211 0.00595
287787 0.005947
1109185 0.005933
12631 0.005933
124224 0.005933
28230 0.005926
943087 0.005924
69198 0.005918
1131172 0.005915
105865 0.005911
503883 0.005889
634902 0.005889
634904 0.005889
634938 0.005889
1130856 0.005889
662279 0.005888
12359 0.005883
18834 0.005881
1132157 0.00588
646836 0.005879
1105394 0.005879
189620 0.005872
6217 0.005864
1140230 0.005855
649731 0.005851
606479 0.005849
644441 0.005842
409255 0.005839
1113534 0.005839
1131348 0.005839
82098 0.005812
486840 0.005805
1113995 0.005795
52003 0.00579
126867 0.00579
682508 0.00579
1135455 0.00579
642930 0.00579
294126 0.00579
162075 0.00579
739707 0.00579
1135345 0.00579
171225 0.005786
12155 0.005785
25181 0.005781
1127530 0.005778
192870 0.005774
45603 0.005772
48764 0.005772
646837 0.005772
31105 0.005765
263498 0.005762
56112 0.00575
77829 0.005746
1116842 0.005744
1152075 0.005744
46500 0.005738
350373 0.005738
1111733 0.005738
8832 0.005738
40922 0.005738
1125906 0.005731
61417 0.005717
23774 0.005707
74700 0.005695
134315 0.005695
134320 0.005695
4329 0.005695
11093 0.005695
32688 0.005695
151708 0.005695
684986 0.005695
102061 0.00569
66809 0.00569
1272 0.005687
153598 0.005677
1951 0.005674
28473 0.005668
1127541 0.005657
688849 0.005651
503893 0.005646
1105033 0.005641
107569 0.005634
156977 0.005634
213279 0.005634
400356 0.005634
1109208 0.005622
1132731 0.005617
62389 0.005615
97377 0.005615
133615 0.005615
28489 0.005615
241133 0.00561
628667 0.00561
15892 0.005609
175909 0.005609
13885 0.005597
735303 0.005593
335733 0.005591
5600 0.005581
656048 0.005567
1136422 0.005561
1129096 0.00556
907845 0.00555
45599 0.005548
78552 0.005543
103537 0.005528
318187 0.005525
7432 0.005524
265203 0.005507
248425 0.005501
377303 0.005493
170798 0.005483
52847 0.005482
250566 0.005479
184157 0.005473
573964 0.00547
1132285 0.005468
13917 0.00546
81722 0.005455
2440 0.005446
5959 0.005446
86258 0.005415
416867 0.005414
28290 0.005413
1128267 0.005408
3932 0.005398
38846 0.005398
593060 0.005388
606647 0.005388
1153942 0.005388
141347 0.005375
1128198 0.005374
198653 0.005364
575077 0.005364
1138755 0.005362
1128959 0.005358
251756 0.005358
593155 0.005358
1109017 0.005358
18532 0.005356
1114184 0.005356
9581 0.005354
632935 0.005354
227178 0.005346
1152676 0.005333
243274 0.005332
416964 0.005332
1114364 0.005332
1123553 0.00533
1131189 0.00533
16843 0.00533
25794 0.005329
179706 0.005328
147870 0.005325
628766 0.005322
815073 0.005322
1130568 0.005322
1130586 0.005322
75674 0.005304
642798 0.005302
645046 0.005302
645870 0.005302
1131180 0.005302
1114838 0.005299
74920 0.005297
74921 0.005297
1104182 0.005292
1104946 0.005282
1119671 0.005282
101660 0.005268
28542 0.005256
6152 0.005256
1111230 0.005256
28632 0.005255
28640 0.005255
1117249 0.005255
643735 0.005247
643777 0.005247
288 0.005246
1104261 0.005246
1107136 0.005239
1153056 0.005223
77112 0.005222
167205 0.005214
8766 0.005214
1031453 0.005209
642681 0.005207
7537 0.005203
307015 0.005178
608326 0.005178
1122304 0.005171
1120170 0.005171
362926 0.005162
325314 0.005161
163235 0.005161
57932 0.005143
119712 0.005141
245288 0.005141
248395 0.005141
20857 0.00514
23545 0.00514
101261 0.005138
203646 0.005135
93318 0.005132
28350 0.005129
582349 0.005124
34257 0.005119
1130934 0.005118
1133028 0.005118
1133390 0.005115
510715 0.00511
628815 0.005107
239810 0.00509
1119178 0.00509
126909 0.005085
1131266 0.005077
318071 0.005074
3220 0.005073
22564 0.005073
36140 0.005073
94229 0.005073
646289 0.005069
703953 0.005069
1105011 0.005069
1131230 0.005069
132806 0.005068
1919 0.005063
108983 0.005063
519318 0.005063
191216 0.005061
177993 0.005048
1118546 0.005036
128202 0.005029
481073 0.005021
112099 0.005019
644361 0.005016
644363 0.005016
645452 0.005016
1154071 0.005016
1106854 0.005006
65057 0.004997
135798 0.004979
714256 0.004968
561674 0.004968
1127551 0.004968
1112665 0.004966
48555 0.004955
41417 0.004944
219446 0.004941
12330 0.004938
72056 0.004938
270085 0.004938
1131192 0.004935
1114125 0.004933
34708 0.004933
124296 0.004933
1121739 0.004933
148341 0.004924
1152859 0.004923
1119211 0.00492
1125953 0.004914
8224 0.004914
61312 0.004908
15889 0.004906
8079 0.004905
734406 0.004904
118424 0.004904
118435 0.004904
84020 0.004901
189574 0.004901
1116835 0.004895
6170 0.004891
10793 0.00489
1123991 0.00489
1130356 0.00489
1129368 0.004872
1129369 0.004872
10430 0.004871
47570 0.004871
54550 0.004871
259772 0.004871
112813 0.004871
566488 0.004871
566653 0.004871
1108597 0.004871
1116839 0.004871
1119180 0.004871
1130653 0.004871
1130657 0.004871
1138091 0.004871
1153877 0.004871
1153879 0.004871
1153889 0.004871
1153786 0.004859
103531 0.004852
41216 0.004846
1107558 0.004846
687401 0.004843
1134031 0.004831
129287 0.004831
116021 0.004831
4637 0.004821
48066 0.00482
12194 0.004819
762980 0.004817
17363 0.004816
91038 0.004816
300806 0.004816
654339 0.004816
1138970 0.004815
158812 0.00481
733167 0.004808
11337 0.004803
13652 0.004801
1131164 0.004798
83461 0.004797
248823 0.004795
193918 0.004788
37998 0.004782
390693 0.004777
37879 0.004749
7032 0.004743
1109542 0.004743
75693 0.00474
75694 0.00474
593209 0.004737
561593 0.004727
561613 0.004727
626531 0.004725
18785 0.00471
1152436 0.004706
642641 0.004703
46470 0.004699
37483 0.004696
1104031 0.004696
613409 0.004692
178209 0.004687
40131 0.004682
17242 0.004673
28674 0.004673
100701 0.004662
43639 0.004656
630817 0.004656
18313 0.004654
202522 0.004646
68115 0.004643
278403 0.00464
137130 0.004638
1103499 0.004637
1152959 0.004631
47683 0.00463
684531 0.00463
1102873 0.004628
126128 0.004624
563613 0.004624
1154520 0.004624
5462 0.004618
13136 0.004618
67292 0.004618
94953 0.004618
1118347 0.004618
1117089 0.004615
1136634 0.004614
1152663 0.004613
1104769 0.004612
1105360 0.004606
100935 0.004593
337766 0.004588
733576 0.004587
40 0.004583
577086 0.004583
1152569 0.004583
12558 0.004583
17477 0.004583
27514 0.004583
578669 0.004583
593022 0.004583
785678 0.004583
62329 0.004583
31489 0.004578
44455 0.004567
375605 0.004567
22869 0.004566
139738 0.004565
289945 0.004563
1111265 0.004559
218666 0.004556
645571 0.004553
126793 0.004546
643003 0.004546
646440 0.004546
262108 0.004546
262121 0.004546
25702 0.00454
628888 0.004527
1128846 0.004527
853118 0.004527
239829 0.004511
642894 0.00451
644448 0.00451
36802 0.004498
90470 0.004498
1136110 0.004497
199571 0.00449
132821 0.004485
2663 0.004485
54844 0.004485
1112650 0.004475
1109566 0.004469
42209 0.004464
60682 0.004462
335042 0.004458
616336 0.004458
260979 0.004456
1118120 0.004449
1152179 0.004449
131317 0.004439
40151 0.004438
650814 0.004427
189623 0.004424
62333 0.004424
177115 0.004419
1121176 0.00441
1129106 0.00441
1120252 0.004408
60159 0.004403
853114 0.004399
285687 0.004398
1213 0.004397
8591 0.004397
58268 0.004397
180187 0.004397
253762 0.004395
137868 0.004387
642847 0.004387
1112026 0.004385
1104495 0.004357
129042 0.004356
260121 0.00435
61073 0.004346
189721 0.004342
1119742 0.004342
1126011 0.004342
1113541 0.004332
126920 0.004331
118558 0.004331
1136342 0.004327
22241 0.004327
459216 0.004327
143476 0.004324
24530 0.004319
156794 0.004319
30934 0.004312
1153736 0.004312
1140548 0.004304
29708 0.0043
400473 0.0043
1122574 0.0043
84695 0.0043
671269 0.004288
141596 0.004288
1140231 0.004283
74427 0.004274
1127810 0.004253
10174 0.004253
219976 0.004253
459206 0.004225
131122 0.004221
1123093 0.00422
238401 0.004217
990075 0.004216
940 0.004215
579108 0.004212
27246 0.004211
35778 0.004202
1129798 0.004198
28389 0.004196
1131734 0.004195
1128201 0.004189
89335 0.004183
17488 0.004178
67245 0.004172
647315 0.00417
3187 0.004168
109323 0.004168
354004 0.004168
1105698 0.004168
1116181 0.004159
128203 0.004159
12347 0.004156
360028 0.004156
1108841 0.004156
71336 0.004155
253971 0.004149
446610 0.004149
28359 0.004148
134060 0.004148
9708 0.004126
49895 0.004126
1130637 0.004126
1153106 0.00412
1125993 0.00412
1125402 0.00412
1125944 0.00412
1118286 0.004119
95588 0.004116
95597 0.004116
1115166 0.004114
1118017 0.004113
168332 0.004105
1133469 0.004105
248431 0.004105
358866 0.004101
1121659 0.004101
594039 0.004099
166420 0.004093
46476 0.004086
116081 0.004086
1128881 0.004086
1128927 0.004086
39890 0.00408
140005 0.004078
51831 0.004075
430329 0.004075
593068 0.004071
594025 0.004066
593248 0.004055
593201 0.004053
217984 0.004047
34315 0.004039
1127657 0.004035
7022 0.004034
33412 0.004034
100197 0.004034
118559 0.004034
919885 0.004034
1125082 0.004034
1128542 0.004033
282700 0.004027
41732 0.004027
220420 0.004017
16471 0.004016
85688 0.00401
284414 0.00401
520471 0.00401
358884 0.004007
66782 0.004003
95198 0.004002
28267 0.003981
1952 0.003977
735311 0.003973
365294 0.003964
6775 0.003964
10183 0.003954
20193 0.003954
252715 0.003954
1154500 0.003954
714208 0.003945
1154230 0.003945
7296 0.003943
459213 0.003939
1121398 0.003938
182093 0.003933
656231 0.003931
62417 0.003922
755082 0.003922
1136310 0.003922
578898 0.003918
466170 0.003913
1153031 0.003913
194223 0.003911
31055 0.00391
19697 0.003902
27627 0.003902
65212 0.003902
124828 0.003902
145134 0.003902
145176 0.003902
5075 0.003897
94641 0.003884
593544 0.003884
608190 0.003884
763010 0.003884
200630 0.003875
1106849 0.003874
135766 0.00387
1152910 0.00386
1116530 0.003858
194645 0.003857
46547 0.003852
137380 0.003852
854434 0.003829
72406 0.003812
48768 0.003811
107177 0.003798
4878 0.003795
399173 0.003795
1111614 0.003795
31097 0.003794
46536 0.003794
509233 0.003791
1133047 0.003791
596075 0.003757
211906 0.00375
1132887 0.003736
1119004 0.003733
35490 0.003729
64519 0.003729
114308 0.003729
22835 0.003724
26850 0.003724
77758 0.003724
85299 0.003724
93555 0.003724
237521 0.003724
648232 0.003724
853150 0.003724
948846 0.003724
949318 0.003724
1102407 0.003724
1105062 0.003724
1110494 0.003724
1120866 0.003724
1129443 0.003724
1132922 0.003724
1135368 0.003724
1136442 0.003724
1152821 0.003724
1817 0.003714
78508 0.003709
503877 0.003699
18251 0.003696
1125597 0.003691
13966 0.003676
173863 0.003663
6169 0.003644
10981 0.003642
575795 0.003635
1071981 0.003635
696343 0.003633
267003 0.003622
293271 0.003622
195361 0.003622
218410 0.003622
1131165 0.0036
97390 0.003596
325497 0.003591
1128151 0.003586
8865 0.003583
15670 0.003583
28851 0.003583
46079 0.003583
54129 0.003583
85352 0.003583
97645 0.003583
103482 0.003583
141342 0.003583
148170 0.003583
178727 0.003583
231249 0.003583
259701 0.003583
427606 0.003583
574009 0.003583
574264 0.003583
577227 0.003583
592973 0.003583
1128945 0.003583
1137466 0.003583
1152508 0.003583
82664 0.00356
118259 0.003554
1115886 0.003453
189708 0.003384
64484 0.003312
136665 0.003312
191404 0.003312
